   92
             artery1    1    1    2  9.89e-01  2.37e-01  2.37e-01    0    0  3.56e-02  3.54e-02  4.14e+04  0.00e+00  0.00e+00
             artery2    2    2    3  9.89e-01  2.37e-01  2.36e-01    0    0  3.54e-02  3.53e-02  4.18e+04  0.00e+00  0.00e+00
             artery3    3    3    4  9.89e-01  2.36e-01  2.35e-01    0    0  3.53e-02  3.51e-02  4.22e+04  0.00e+00  0.00e+00
             artery4    4    4    5  9.89e-01  2.35e-01  2.35e-01    0    0  3.51e-02  3.50e-02  4.26e+04  0.00e+00  0.00e+00
             artery5    5    5    6  9.89e-01  2.35e-01  2.34e-01    0    0  3.50e-02  3.48e-02  4.30e+04  0.00e+00  0.00e+00
             artery6    6    6    7  9.89e-01  2.34e-01  2.33e-01    0    0  3.48e-02  3.46e-02  4.34e+04  0.00e+00  0.00e+00
             artery7    7    7    8  9.89e-01  2.33e-01  2.33e-01    0    0  3.46e-02  3.45e-02  4.38e+04  0.00e+00  0.00e+00
             artery8    8    8    9  9.89e-01  2.20e-01  2.20e-01    0    0  3.45e-02  3.43e-02  4.42e+04  0.00e+00  0.00e+00
             artery9    9    9   10  9.89e-01  2.20e-01  2.19e-01    0    0  3.43e-02  3.42e-02  4.46e+04  0.00e+00  0.00e+00
            artery10   10   10   11  9.89e-01  2.19e-01  2.19e-01    0    0  3.42e-02  3.40e-02  4.50e+04  0.00e+00  0.00e+00
            artery11   11   11   12  9.89e-01  2.19e-01  2.18e-01    0    0  3.40e-02  3.39e-02  4.54e+04  0.00e+00  0.00e+00
            artery12   12   12   13  9.89e-01  2.18e-01  2.17e-01    0    0  3.39e-02  3.37e-02  4.59e+04  0.00e+00  0.00e+00
            artery13   13   13   14  9.89e-01  2.17e-01  2.17e-01    0    0  3.37e-02  3.35e-02  4.63e+04  0.00e+00  0.00e+00
            artery14   14   14   15  9.89e-01  2.17e-01  2.16e-01    0    0  3.35e-02  3.34e-02  4.67e+04  0.00e+00  0.00e+00
            artery15   15   15   16  9.89e-01  2.05e-01  2.04e-01    0    0  3.34e-02  3.32e-02  4.72e+04  0.00e+00  0.00e+00
            artery16   16   16   17  9.89e-01  2.04e-01  2.04e-01    0    0  3.32e-02  3.31e-02  4.76e+04  0.00e+00  0.00e+00
            artery17   17   17   18  9.89e-01  2.04e-01  2.03e-01    0    0  3.31e-02  3.29e-02  4.81e+04  0.00e+00  0.00e+00
            artery18   18   18   19  9.89e-01  2.03e-01  2.02e-01    0    0  3.29e-02  3.27e-02  4.85e+04  0.00e+00  0.00e+00
            artery19   19   19   20  9.89e-01  2.02e-01  2.02e-01    0    0  3.27e-02  3.26e-02  4.90e+04  0.00e+00  0.00e+00
            artery20   20   20   21  9.89e-01  2.02e-01  2.01e-01    0    0  3.26e-02  3.24e-02  4.94e+04  0.00e+00  0.00e+00
            artery21   21   21   22  9.89e-01  2.01e-01  2.01e-01    0    0  3.24e-02  3.23e-02  4.99e+04  0.00e+00  0.00e+00
            artery22   22   22   23  9.89e-01  2.01e-01  2.00e-01    0    0  3.23e-02  3.21e-02  5.04e+04  0.00e+00  0.00e+00
            artery23   23   23   24  9.89e-01  2.00e-01  2.00e-01    0    0  3.21e-02  3.20e-02  5.08e+04  0.00e+00  0.00e+00
            artery24   24   24   25        01  1.73e-01  1.72e-01   30    0  3.20e-02  3.18e-02  5.13e+04  0.00e+00  0.00e+00
            artery25   25   25   26        01  1.72e-01  1.72e-01   25    0  3.18e-02  3.16e-02  5.18e+04  0.00e+00  0.00e+00
            artery26   26   26   27        01  1.72e-01  1.71e-01   20    0  3.16e-02  3.15e-02  5.23e+04  0.00e+00  0.00e+00
            artery27   27   27   28        01  1.71e-01  1.71e-01   15    0  3.15e-02  3.13e-02  5.28e+04  0.00e+00  0.00e+00
            artery28   28   28   29        01  1.71e-01  1.70e-01   10    0  3.13e-02  3.12e-02  5.33e+04  0.00e+00  0.00e+00
            artery29   29   29   30        01  1.70e-01  1.70e-01    5    0  3.12e-02  3.10e-02  5.38e+04  0.00e+00  0.00e+00
            artery30   30   30   31        01  1.61e-01  1.60e-01    0    0  3.10e-02  3.09e-02  5.43e+04  0.00e+00  0.00e+00
            artery31   31   31   32        01  1.60e-01  1.60e-01    0    0  3.09e-02  3.07e-02  5.48e+04  0.00e+00  0.00e+00
            artery32   32   32   33        01  1.60e-01  1.60e-01    0    0  3.07e-02  3.05e-02  5.54e+04  0.00e+00  0.00e+00
            artery33   33   33   34        01  1.60e-01  1.59e-01    0    0  3.05e-02  3.04e-02  5.59e+04  0.00e+00  0.00e+00
            artery34   34   34   35        01  1.59e-01  1.59e-01    0    0  3.04e-02  3.02e-02  5.64e+04  0.00e+00  0.00e+00
            artery35   35   35   36        01  1.59e-01  1.58e-01    0    0  3.02e-02  3.01e-02  5.70e+04  0.00e+00  0.00e+00
            artery36   36   36   37        01  1.58e-01  1.58e-01    0    0  3.01e-02  2.99e-02  5.75e+04  0.00e+00  0.00e+00
            artery37   37   37   38        01  1.58e-01  1.57e-01    0    0  2.99e-02  2.98e-02  5.81e+04  0.00e+00  0.00e+00
            artery38   38   38   39        01  1.49e-01  1.49e-01    0    0  2.98e-02  2.96e-02  5.86e+04  0.00e+00  0.00e+00
            artery39   39   39   40        01  1.49e-01  1.48e-01    0    0  2.96e-02  2.94e-02  5.92e+04  0.00e+00  0.00e+00
            artery40   40   40   41        01  1.48e-01  1.48e-01    0    0  2.94e-02  2.93e-02  5.97e+04  0.00e+00  0.00e+00
            artery41   41   41   42        01  1.48e-01  1.47e-01    0    0  2.93e-02  2.91e-02  6.03e+04  0.00e+00  0.00e+00
            artery42   42   42   43        01  1.47e-01  1.47e-01    0    0  2.91e-02  2.90e-02  6.09e+04  0.00e+00  0.00e+00
            artery43   43   43   44        01  1.47e-01  1.46e-01    0    0  2.90e-02  2.88e-02  6.15e+04  0.00e+00  0.00e+00
            artery44   44   44   45        01  1.46e-01  1.46e-01    0    0  2.88e-02  2.86e-02  6.21e+04  0.00e+00  0.00e+00
            artery45   45   45   46        01  1.46e-01  1.46e-01    0    0  2.86e-02  2.85e-02  6.26e+04  0.00e+00  0.00e+00
            artery46   46   24   47        01  1.41e-01  1.41e-01  -30    0  3.20e-02  3.18e-02  5.13e+04  0.00e+00  0.00e+00
            artery47   47   47   48  1.01e+00  1.41e-01  1.40e-01  -25    0  3.18e-02  3.16e-02  5.18e+04  0.00e+00  0.00e+00
            artery48   48   48   49  1.01e+00  1.40e-01  1.40e-01  -20    0  3.16e-02  3.15e-02  5.23e+04  0.00e+00  0.00e+00
            artery49   49   49   50  1.01e+00  1.40e-01  1.40e-01  -15    0  3.15e-02  3.13e-02  5.28e+04  0.00e+00  0.00e+00
            artery50   50   50   51  1.01e+00  1.40e-01  1.39e-01  -10    0  3.13e-02  3.12e-02  5.33e+04  0.00e+00  0.00e+00
            artery51   51   51   52  1.01e+00  1.39e-01  1.39e-01   -5    0  3.12e-02  3.10e-02  5.38e+04  0.00e+00  0.00e+00
            artery52   52   52   53  1.01e+00  1.39e-01  1.38e-01    0    0  3.10e-02  3.09e-02  5.44e+04  0.00e+00  0.00e+00
            artery53   53   53   54  1.01e+00  1.31e-01  1.31e-01    0    0  3.09e-02  3.07e-02  5.49e+04  0.00e+00  0.00e+00
            artery54   54   54   55  1.01e+00  1.31e-01  1.30e-01    0    0  3.07e-02  3.05e-02  5.54e+04  0.00e+00  0.00e+00
            artery55   55   55   56  1.01e+00  1.30e-01  1.30e-01    0    0  3.05e-02  3.04e-02  5.59e+04  0.00e+00  0.00e+00
            artery56   56   56   57  1.01e+00  1.30e-01  1.30e-01    0    0  3.04e-02  3.02e-02  5.65e+04  0.00e+00  0.00e+00
            artery57   57   57   58  1.01e+00  1.30e-01  1.29e-01    0    0  3.02e-02  3.01e-02  5.70e+04  0.00e+00  0.00e+00
            artery58   58   58   59  1.01e+00  1.29e-01  1.29e-01    0    0  3.01e-02  2.99e-02  5.76e+04  0.00e+00  0.00e+00
            artery59   59   59   60  1.01e+00  1.29e-01  1.29e-01    0    0  2.99e-02  2.98e-02  5.81e+04  0.00e+00  0.00e+00
            artery60   60   60   61  1.01e+00  1.22e-01  1.21e-01    0    0  2.98e-02  2.96e-02  5.87e+04  0.00e+00  0.00e+00
            artery61   61   61   62  1.01e+00  1.21e-01  1.21e-01    0    0  2.96e-02  2.94e-02  5.93e+04  0.00e+00  0.00e+00
            artery62   62   62   63  1.01e+00  1.21e-01  1.21e-01    0    0  2.94e-02  2.93e-02  5.98e+04  0.00e+00  0.00e+00
            artery63   63   63   64  1.01e+00  1.21e-01  1.20e-01    0    0  2.93e-02  2.91e-02  6.04e+04  0.00e+00  0.00e+00
            artery64   64   64   65  1.01e+00  1.20e-01  1.20e-01    0    0  2.91e-02  2.90e-02  6.10e+04  0.00e+00  0.00e+00
            artery65   65   65   66  1.01e+00  1.20e-01  1.20e-01    0    0  2.90e-02  2.88e-02  6.16e+04  0.00e+00  0.00e+00
            artery66   66   66   67  1.01e+00  1.20e-01  1.19e-01    0    0  2.88e-02  2.86e-02  6.22e+04  0.00e+00  0.00e+00
            artery67   67   67   68  1.01e+00  1.19e-01  1.19e-01    0    0  2.86e-02  2.85e-02  6.28e+04  0.00e+00  0.00e+00
            artery68   68   68   69  1.01e+00  1.19e-01  1.19e-01    0    0  2.85e-02  2.83e-02  6.34e+04  0.00e+00  0.00e+00
            artery69   69    8   70  9.89e-01  1.22e-01  1.22e-01   30    0  3.45e-02  3.43e-02  4.42e+04  0.00e+00  0.00e+00
            artery70   70   70   71  9.89e-01  1.22e-01  1.22e-01   30    0  3.45e-02  3.43e-02  4.42e+04  0.00e+00  0.00e+00
            artery71   71   71   72  9.89e-01  1.22e-01  1.22e-01   30    0  3.45e-02  3.43e-02  4.42e+04  0.00e+00  0.00e+00
            artery72   72   72   73  9.89e-01  1.22e-01  1.22e-01   30    0  3.45e-02  3.43e-02  4.42e+04  0.00e+00  0.00e+00
            artery73   73   15   74  9.89e-01  1.22e-01  1.14e-01  -30    0  3.34e-02  3.32e-02  4.42e+04  0.00e+00  0.00e+00
            artery74   74   74   75  9.89e-01  1.22e-01  1.14e-01  -30    0  3.34e-02  3.32e-02  4.42e+04  0.00e+00  0.00e+00
            artery75   75   75   76  9.89e-01  1.22e-01  1.14e-01  -30    0  3.34e-02  3.32e-02  4.42e+04  0.00e+00  0.00e+00
            artery76   76   76   77  9.89e-01  1.22e-01  1.14e-01  -30    0  3.34e-02  3.32e-02  4.42e+04  0.00e+00  0.00e+00
            artery77   77   30   78        01  8.92e-02  8.92e-02   30    0  3.10e-02  3.09e-02  5.43e+04  0.00e+00  0.00e+00
            artery78   78   78   79        01  8.92e-02  8.92e-02   30    0  3.09e-02  3.07e-02  5.43e+04  0.00e+00  0.00e+00
            artery79   79   79   80        01  8.92e-02  8.92e-02   30    0  3.07e-02  3.05e-02  5.43e+04  0.00e+00  0.00e+00
            artery80   80   80   81        01  8.92e-02  8.92e-02   30    0  3.05e-02  3.04e-02  5.43e+04  0.00e+00  0.00e+00
            artery81   81   38   82        01  8.26e-02  8.26e-02   30    0  2.98e-02  2.96e-02  5.86e+04  0.00e+00  0.00e+00
            artery82   82   82   83        01  8.26e-02  8.26e-02   30    0  2.96e-02  2.94e-02  5.86e+04  0.00e+00  0.00e+00
            artery83   83   83   84        01  8.26e-02  8.26e-02   30    0  2.94e-02  2.93e-02  5.86e+04  0.00e+00  0.00e+00
            artery84   84   84   85        01  8.26e-02  8.26e-02   30    0  2.93e-02  2.91e-02  5.86e+04  0.00e+00  0.00e+00
            artery85   85   53   86  1.01e+00  7.27e-02  7.27e-02  -30    0  3.09e-02  3.07e-02  5.49e+04  0.00e+00  0.00e+00
            artery86   86   86   87  1.01e+00  7.27e-02  7.27e-02  -30    0  3.07e-02  3.05e-02  5.49e+04  0.00e+00  0.00e+00
            artery87   87   87   88  1.01e+00  7.27e-02  7.27e-02  -30    0  3.05e-02  3.04e-02  5.49e+04  0.00e+00  0.00e+00
            artery88   88   88   89  1.01e+00  7.27e-02  7.27e-02  -30    0  3.04e-02  3.02e-02  5.49e+04  0.00e+00  0.00e+00
            artery89   89   60   90  1.01e+00  6.75e-02  6.75e-02  -30    0  2.98e-02  2.96e-02  5.87e+04  0.00e+00  0.00e+00
            artery90   90   90   91  1.01e+00  6.75e-02  6.75e-02  -30    0  2.96e-02  2.94e-02  5.87e+04  0.00e+00  0.00e+00
            artery91   91   91   92  1.01e+00  6.75e-02  6.75e-02  -30    0  2.94e-02  2.93e-02  5.87e+04  0.00e+00  0.00e+00
            artery92   92   92   93  1.01e+00  6.75e-02  6.75e-02  -30    0  2.93e-02  2.91e-02  5.87e+04  0.00e+00  0.00e+00
