      -2       5       2       3       2     383      99       9       1       0
       0       0       0       0       0       0       0       0       0       8
//First 2 records: dimension parameters:
// -ndim,  npelm,  nboun,  meshtp, nelgrp, npoint,  nelem,  nuspnt, ncurvs,nsur
// nvolms,  kelmt,  nextpnt, kelmk, kelmu,  kelmj,   kelmm,  kelmn, imap, ivers
//Element_Group_Information
      5       1      92       2
      3       3       7       3
//Coordinates
    0.0000000000e+00     0.0000000000e+00
    0.0000000000e+00    -9.8900000000e-01
    0.0000000000e+00    -1.9780000000e+00
    0.0000000000e+00    -2.9670000000e+00
    0.0000000000e+00    -3.9560000000e+00
    0.0000000000e+00    -4.9450000000e+00
    0.0000000000e+00    -5.9340000000e+00
    0.0000000000e+00    -6.9230000000e+00
    0.0000000000e+00    -7.9120000000e+00
    0.0000000000e+00    -8.9010000000e+00
    0.0000000000e+00    -9.8900000000e+00
    0.0000000000e+00    -1.0879000000e+01
    0.0000000000e+00    -1.1868000000e+01
    0.0000000000e+00    -1.2857000000e+01
    0.0000000000e+00    -1.3846000000e+01
    0.0000000000e+00    -1.4835000000e+01
    0.0000000000e+00    -1.5824000000e+01
    0.0000000000e+00    -1.6813000000e+01
    0.0000000000e+00    -1.7802000000e+01
    0.0000000000e+00    -1.8791000000e+01
    0.0000000000e+00    -1.9780000000e+01
    0.0000000000e+00    -2.0769000000e+01
    0.0000000000e+00    -2.1758000000e+01
    0.0000000000e+00    -2.2747000000e+01
    5.0000000000e-01    -2.3613025404e+01
    9.2261826174e-01    -2.4519333191e+01
    1.2646384051e+00    -2.5459025812e+01
    1.5234574502e+00    -2.6424951638e+01
    1.6971056278e+00    -2.7409759391e+01
    1.7842613706e+00    -2.8405954089e+01
    1.7842613706e+00    -2.9405954089e+01
    1.7842613706e+00    -3.0405954089e+01
    1.7842613706e+00    -3.1405954089e+01
    1.7842613706e+00    -3.2405954089e+01
    1.7842613706e+00    -3.3405954089e+01
    1.7842613706e+00    -3.4405954089e+01
    1.7842613706e+00    -3.5405954089e+01
    1.7842613706e+00    -3.6405954089e+01
    1.7842613706e+00    -3.7405954089e+01
    1.7842613706e+00    -3.8405954089e+01
    1.7842613706e+00    -3.9405954089e+01
    1.7842613706e+00    -4.0405954089e+01
    1.7842613706e+00    -4.1405954089e+01
    1.7842613706e+00    -4.2405954089e+01
    1.7842613706e+00    -4.3405954089e+01
    1.7842613706e+00    -4.4405954089e+01
   -5.0000000000e-01    -2.3613025404e+01
   -9.2684444436e-01    -2.4528396269e+01
   -1.2722847891e+00    -2.5477485816e+01
   -1.5336920247e+00    -2.6453070900e+01
   -1.7090766841e+00    -2.7447726731e+01
   -1.7971039843e+00    -2.8453883376e+01
   -1.7971039843e+00    -2.9463883376e+01
   -1.7971039843e+00    -3.0473883376e+01
   -1.7971039843e+00    -3.1483883376e+01
   -1.7971039843e+00    -3.2493883376e+01
   -1.7971039843e+00    -3.3503883376e+01
   -1.7971039843e+00    -3.4513883376e+01
   -1.7971039843e+00    -3.5523883376e+01
   -1.7971039843e+00    -3.6533883376e+01
   -1.7971039843e+00    -3.7543883376e+01
   -1.7971039843e+00    -3.8553883376e+01
   -1.7971039843e+00    -3.9563883376e+01
   -1.7971039843e+00    -4.0573883376e+01
   -1.7971039843e+00    -4.1583883376e+01
   -1.7971039843e+00    -4.2593883376e+01
   -1.7971039843e+00    -4.3603883376e+01
   -1.7971039843e+00    -4.4613883376e+01
   -1.7971039843e+00    -4.5623883376e+01
    4.9450000000e-01    -7.7794991243e+00
    9.8900000000e-01    -8.6359982487e+00
    1.4835000000e+00    -9.4924973730e+00
    1.9780000000e+00    -1.0348996497e+01
   -4.9450000000e-01    -1.4702499124e+01
   -9.8900000000e-01    -1.5558998249e+01
   -1.4835000000e+00    -1.6415497373e+01
   -1.9780000000e+00    -1.7271996497e+01
    2.2842613706e+00    -2.9271979493e+01
    2.7842613706e+00    -3.0138004897e+01
    3.2842613706e+00    -3.1004030300e+01
    3.7842613706e+00    -3.1870055704e+01
    2.2842613706e+00    -3.7271979493e+01
    2.7842613706e+00    -3.8138004897e+01
    3.2842613706e+00    -3.9004030300e+01
    3.7842613706e+00    -3.9870055704e+01
   -2.3021039843e+00    -3.0338569034e+01
   -2.8071039843e+00    -3.1213254691e+01
   -3.3121039843e+00    -3.2087940349e+01
   -3.8171039843e+00    -3.2962626007e+01
   -2.3021039843e+00    -3.7408569034e+01
   -2.8071039843e+00    -3.8283254691e+01
   -3.3121039843e+00    -3.9157940349e+01
   -3.8171039843e+00    -4.0032626007e+01
    0.0000000000e+00    -6.9724500000e+00
    2.4725000000e-02    -6.9658249562e+00
    0.0000000000e+00    -1.3895450000e+01
   -2.4725000000e-02    -1.3888824956e+01
    2.4725000000e-02    -2.2789824956e+01
   -2.4725000000e-02    -2.2789824956e+01
    1.7842613706e+00    -2.8455404089e+01
    1.8089863706e+00    -2.8448779045e+01
    1.7842613706e+00    -3.6455404089e+01
    1.8089863706e+00    -3.6448779045e+01
   -1.7971039843e+00    -2.9513333376e+01
   -1.8218289843e+00    -2.9506708332e+01
   -1.7971039843e+00    -3.6583333376e+01
   -1.8218289843e+00    -3.6576708332e+01
    0.0000000000e+00    -1.7077375979e-01
    0.0000000000e+00    -4.9450000000e-01
    0.0000000000e+00    -8.1822624021e-01
    0.0000000000e+00    -1.1597737598e+00
    0.0000000000e+00    -1.4835000000e+00
    0.0000000000e+00    -1.8072262402e+00
    0.0000000000e+00    -2.1487737598e+00
    0.0000000000e+00    -2.4725000000e+00
    0.0000000000e+00    -2.7962262402e+00
    0.0000000000e+00    -3.1377737598e+00
    0.0000000000e+00    -3.4615000000e+00
    0.0000000000e+00    -3.7852262402e+00
    0.0000000000e+00    -4.1267737598e+00
    0.0000000000e+00    -4.4505000000e+00
    0.0000000000e+00    -4.7742262402e+00
    0.0000000000e+00    -5.1157737598e+00
    0.0000000000e+00    -5.4395000000e+00
    0.0000000000e+00    -5.7632262402e+00
    0.0000000000e+00    -6.1047737598e+00
    0.0000000000e+00    -6.4285000000e+00
    0.0000000000e+00    -6.7522262402e+00
    0.0000000000e+00    -7.1346850718e+00
    0.0000000000e+00    -7.4422250000e+00
    0.0000000000e+00    -7.7497649282e+00
    0.0000000000e+00    -8.0827737598e+00
    0.0000000000e+00    -8.4065000000e+00
    0.0000000000e+00    -8.7302262402e+00
    0.0000000000e+00    -9.0717737598e+00
    0.0000000000e+00    -9.3955000000e+00
    0.0000000000e+00    -9.7192262402e+00
    0.0000000000e+00    -1.0060773760e+01
    0.0000000000e+00    -1.0384500000e+01
    0.0000000000e+00    -1.0708226240e+01
    0.0000000000e+00    -1.1049773760e+01
    0.0000000000e+00    -1.1373500000e+01
    0.0000000000e+00    -1.1697226240e+01
    0.0000000000e+00    -1.2038773760e+01
    0.0000000000e+00    -1.2362500000e+01
    0.0000000000e+00    -1.2686226240e+01
    0.0000000000e+00    -1.3027773760e+01
    0.0000000000e+00    -1.3351500000e+01
    0.0000000000e+00    -1.3675226240e+01
    0.0000000000e+00    -1.4057685072e+01
    0.0000000000e+00    -1.4365225000e+01
    0.0000000000e+00    -1.4672764928e+01
    0.0000000000e+00    -1.5005773760e+01
    0.0000000000e+00    -1.5329500000e+01
    0.0000000000e+00    -1.5653226240e+01
    0.0000000000e+00    -1.5994773760e+01
    0.0000000000e+00    -1.6318500000e+01
    0.0000000000e+00    -1.6642226240e+01
    0.0000000000e+00    -1.6983773760e+01
    0.0000000000e+00    -1.7307500000e+01
    0.0000000000e+00    -1.7631226240e+01
    0.0000000000e+00    -1.7972773760e+01
    0.0000000000e+00    -1.8296500000e+01
    0.0000000000e+00    -1.8620226240e+01
    0.0000000000e+00    -1.8961773760e+01
    0.0000000000e+00    -1.9285500000e+01
    0.0000000000e+00    -1.9609226240e+01
    0.0000000000e+00    -1.9950773760e+01
    0.0000000000e+00    -2.0274500000e+01
    0.0000000000e+00    -2.0598226240e+01
    0.0000000000e+00    -2.0939773760e+01
    0.0000000000e+00    -2.1263500000e+01
    0.0000000000e+00    -2.1587226240e+01
    0.0000000000e+00    -2.1928773760e+01
    0.0000000000e+00    -2.2252500000e+01
    0.0000000000e+00    -2.2576226240e+01
    1.0679223831e-01    -2.2931969583e+01
    2.6236250000e-01    -2.3201425180e+01
    4.1793276169e-01    -2.3470880777e+01
    5.7297483267e-01    -2.3769520437e+01
    7.1130913087e-01    -2.4066179297e+01
    8.4964342907e-01    -2.4362838157e+01
    9.8167596225e-01    -2.4681592889e+01
    1.0936283334e+00    -2.4989179501e+01
    1.2055807046e+00    -2.5296766113e+01
    1.3093295086e+00    -2.5625815281e+01
    1.3940479276e+00    -2.5941988725e+01
    1.4787663466e+00    -2.6258162169e+01
    1.5534418305e+00    -2.6595001509e+01
    1.6102815390e+00    -2.6917355514e+01
    1.6671212475e+00    -2.7239709520e+01
    1.7121550857e+00    -2.7581775482e+01
    1.7406834992e+00    -2.7907856740e+01
    1.7692119127e+00    -2.8233937998e+01
    1.7842613706e+00    -2.8619538566e+01
    1.7842613706e+00    -2.8930679089e+01
    1.7842613706e+00    -2.9241819612e+01
    1.7842613706e+00    -2.9578627254e+01
    1.7842613706e+00    -2.9905954089e+01
    1.7842613706e+00    -3.0233280924e+01
    1.7842613706e+00    -3.0578627254e+01
    1.7842613706e+00    -3.0905954089e+01
    1.7842613706e+00    -3.1233280924e+01
    1.7842613706e+00    -3.1578627254e+01
    1.7842613706e+00    -3.1905954089e+01
    1.7842613706e+00    -3.2233280924e+01
    1.7842613706e+00    -3.2578627254e+01
    1.7842613706e+00    -3.2905954089e+01
    1.7842613706e+00    -3.3233280924e+01
    1.7842613706e+00    -3.3578627254e+01
    1.7842613706e+00    -3.3905954089e+01
    1.7842613706e+00    -3.4233280924e+01
    1.7842613706e+00    -3.4578627254e+01
    1.7842613706e+00    -3.4905954089e+01
    1.7842613706e+00    -3.5233280924e+01
    1.7842613706e+00    -3.5578627254e+01
    1.7842613706e+00    -3.5905954089e+01
    1.7842613706e+00    -3.6233280924e+01
    1.7842613706e+00    -3.6619538566e+01
    1.7842613706e+00    -3.6930679089e+01
    1.7842613706e+00    -3.7241819612e+01
    1.7842613706e+00    -3.7578627254e+01
    1.7842613706e+00    -3.7905954089e+01
    1.7842613706e+00    -3.8233280924e+01
    1.7842613706e+00    -3.8578627254e+01
    1.7842613706e+00    -3.8905954089e+01
    1.7842613706e+00    -3.9233280924e+01
    1.7842613706e+00    -3.9578627254e+01
    1.7842613706e+00    -3.9905954089e+01
    1.7842613706e+00    -4.0233280924e+01
    1.7842613706e+00    -4.0578627254e+01
    1.7842613706e+00    -4.0905954089e+01
    1.7842613706e+00    -4.1233280924e+01
    1.7842613706e+00    -4.1578627254e+01
    1.7842613706e+00    -4.1905954089e+01
    1.7842613706e+00    -4.2233280924e+01
    1.7842613706e+00    -4.2578627254e+01
    1.7842613706e+00    -4.2905954089e+01
    1.7842613706e+00    -4.3233280924e+01
    1.7842613706e+00    -4.3578627254e+01
    1.7842613706e+00    -4.3905954089e+01
    1.7842613706e+00    -4.4233280924e+01
   -1.0679223831e-01    -2.2931969583e+01
   -2.6236250000e-01    -2.3201425180e+01
   -4.1793276169e-01    -2.3470880777e+01
   -5.7370458100e-01    -2.3771085388e+01
   -7.1342222218e-01    -2.4070710836e+01
   -8.5313986336e-01    -2.4370336285e+01
   -9.8649272187e-01    -2.4692278564e+01
   -1.0995646167e+00    -2.5002941042e+01
   -1.2126365116e+00    -2.5313603520e+01
   -1.3174228037e+00    -2.5645943180e+01
   -1.4029884069e+00    -2.5965278358e+01
   -1.4885540101e+00    -2.6284613536e+01
   -1.5639762488e+00    -2.6624821270e+01
   -1.6213843544e+00    -2.6950398816e+01
   -1.6787924599e+00    -2.7275976361e+01
   -1.7242766366e+00    -2.7621462983e+01
   -1.7530903342e+00    -2.7950805053e+01
   -1.7819040318e+00    -2.8280147124e+01
   -1.7971039843e+00    -2.8628283272e+01
   -1.7971039843e+00    -2.8958883376e+01
   -1.7971039843e+00    -2.9289483480e+01
   -1.7971039843e+00    -2.9679194584e+01
   -1.7971039843e+00    -2.9993608376e+01
   -1.7971039843e+00    -3.0308022168e+01
   -1.7971039843e+00    -3.0648283272e+01
   -1.7971039843e+00    -3.0978883376e+01
   -1.7971039843e+00    -3.1309483480e+01
   -1.7971039843e+00    -3.1658283272e+01
   -1.7971039843e+00    -3.1988883376e+01
   -1.7971039843e+00    -3.2319483480e+01
   -1.7971039843e+00    -3.2668283272e+01
   -1.7971039843e+00    -3.2998883376e+01
   -1.7971039843e+00    -3.3329483480e+01
   -1.7971039843e+00    -3.3678283272e+01
   -1.7971039843e+00    -3.4008883376e+01
   -1.7971039843e+00    -3.4339483480e+01
   -1.7971039843e+00    -3.4688283272e+01
   -1.7971039843e+00    -3.5018883376e+01
   -1.7971039843e+00    -3.5349483480e+01
   -1.7971039843e+00    -3.5698283272e+01
   -1.7971039843e+00    -3.6028883376e+01
   -1.7971039843e+00    -3.6359483480e+01
   -1.7971039843e+00    -3.6749194584e+01
   -1.7971039843e+00    -3.7063608376e+01
   -1.7971039843e+00    -3.7378022168e+01
   -1.7971039843e+00    -3.7718283272e+01
   -1.7971039843e+00    -3.8048883376e+01
   -1.7971039843e+00    -3.8379483480e+01
   -1.7971039843e+00    -3.8728283272e+01
   -1.7971039843e+00    -3.9058883376e+01
   -1.7971039843e+00    -3.9389483480e+01
   -1.7971039843e+00    -3.9738283272e+01
   -1.7971039843e+00    -4.0068883376e+01
   -1.7971039843e+00    -4.0399483480e+01
   -1.7971039843e+00    -4.0748283272e+01
   -1.7971039843e+00    -4.1078883376e+01
   -1.7971039843e+00    -4.1409483480e+01
   -1.7971039843e+00    -4.1758283272e+01
   -1.7971039843e+00    -4.2088883376e+01
   -1.7971039843e+00    -4.2419483480e+01
   -1.7971039843e+00    -4.2768283272e+01
   -1.7971039843e+00    -4.3098883376e+01
   -1.7971039843e+00    -4.3429483480e+01
   -1.7971039843e+00    -4.3778283272e+01
   -1.7971039843e+00    -4.4108883376e+01
   -1.7971039843e+00    -4.4439483480e+01
   -1.7971039843e+00    -4.4788283272e+01
   -1.7971039843e+00    -4.5118883376e+01
   -1.7971039843e+00    -4.5449483480e+01
    1.0584253590e-01    -7.1063246498e+00
    2.5961250000e-01    -7.3726620403e+00
    4.1338246410e-01    -7.6389994308e+00
    5.7988687989e-01    -7.9273935386e+00
    7.4175000000e-01    -8.2077486865e+00
    9.0361312011e-01    -8.4881038344e+00
    1.0743868799e+00    -8.7838926630e+00
    1.2362500000e+00    -9.0642478109e+00
    1.3981131201e+00    -9.3446029588e+00
    1.5688868799e+00    -9.6403917873e+00
    1.7307500000e+00    -9.9207469352e+00
    1.8926131201e+00    -1.0201102083e+01
   -1.0584253590e-01    -1.4029324650e+01
   -2.5961250000e-01    -1.4295662040e+01
   -4.1338246410e-01    -1.4561999431e+01
   -5.7988687989e-01    -1.4850393539e+01
   -7.4175000000e-01    -1.5130748687e+01
   -9.0361312011e-01    -1.5411103834e+01
   -1.0743868799e+00    -1.5706892663e+01
   -1.2362500000e+00    -1.5987247811e+01
   -1.3981131201e+00    -1.6267602959e+01
   -1.5688868799e+00    -1.6563391787e+01
   -1.7307500000e+00    -1.6843746935e+01
   -1.8926131201e+00    -1.7124102083e+01
    1.8910536089e+00    -2.8590923672e+01
    2.0466238706e+00    -2.8860379269e+01
    2.2021941323e+00    -2.9129834866e+01
    2.3705979529e+00    -2.9421518840e+01
    2.5342613706e+00    -2.9704992195e+01
    2.6979247883e+00    -2.9988465549e+01
    2.8705979529e+00    -3.0287544244e+01
    3.0342613706e+00    -3.0571017598e+01
    3.1979247883e+00    -3.0854490953e+01
    3.3705979529e+00    -3.1153569647e+01
    3.5342613706e+00    -3.1437043002e+01
    3.6979247883e+00    -3.1720516357e+01
    1.8910536089e+00    -3.6590923672e+01
    2.0466238706e+00    -3.6860379269e+01
    2.2021941323e+00    -3.7129834866e+01
    2.3705979529e+00    -3.7421518840e+01
    2.5342613706e+00    -3.7704992195e+01
    2.6979247883e+00    -3.7988465549e+01
    2.8705979529e+00    -3.8287544244e+01
    3.0342613706e+00    -3.8571017598e+01
    3.1979247883e+00    -3.8854490953e+01
    3.3705979529e+00    -3.9153569647e+01
    3.5342613706e+00    -3.9437043002e+01
    3.6979247883e+00    -3.9720516357e+01
   -1.9047595884e+00    -2.9650348352e+01
   -2.0619664843e+00    -2.9922638683e+01
   -2.2191733802e+00    -3.0194929014e+01
   -2.3893039324e+00    -3.0489603774e+01
   -2.5546039843e+00    -3.0775911863e+01
   -2.7199040362e+00    -3.1062219951e+01
   -2.8943039324e+00    -3.1364289432e+01
   -3.0596039843e+00    -3.1650597520e+01
   -3.2249040362e+00    -3.1936905609e+01
   -3.3993039324e+00    -3.2238975090e+01
   -3.5646039843e+00    -3.2525283178e+01
   -3.7299040362e+00    -3.2811591267e+01
   -1.9047595884e+00    -3.6720348352e+01
   -2.0619664843e+00    -3.6992638683e+01
   -2.2191733802e+00    -3.7264929014e+01
   -2.3893039324e+00    -3.7559603774e+01
   -2.5546039843e+00    -3.7845911863e+01
   -2.7199040362e+00    -3.8132219951e+01
   -2.8943039324e+00    -3.8434289432e+01
   -3.0596039843e+00    -3.8720597520e+01
   -3.2249040362e+00    -3.9006905609e+01
   -3.3993039324e+00    -3.9308975090e+01
   -3.5646039843e+00    -3.9595283178e+01
   -3.7299040362e+00    -3.9881591267e+01
//Topology
       1      108      109      110        2 
       2      111      112      113        3 
       3      114      115      116        4 
       4      117      118      119        5 
       5      120      121      122        6 
       6      123      124      125        7 
       7      126      127      128        8 
      94      129      130      131        9 
       9      132      133      134       10 
      10      135      136      137       11 
      11      138      139      140       12 
      12      141      142      143       13 
      13      144      145      146       14 
      14      147      148      149       15 
      96      150      151      152       16 
      16      153      154      155       17 
      17      156      157      158       18 
      18      159      160      161       19 
      19      162      163      164       20 
      20      165      166      167       21 
      21      168      169      170       22 
      22      171      172      173       23 
      23      174      175      176       24 
      98      177      178      179       25 
      25      180      181      182       26 
      26      183      184      185       27 
      27      186      187      188       28 
      28      189      190      191       29 
      29      192      193      194       30 
     100      195      196      197       31 
      31      198      199      200       32 
      32      201      202      203       33 
      33      204      205      206       34 
      34      207      208      209       35 
      35      210      211      212       36 
      36      213      214      215       37 
      37      216      217      218       38 
     102      219      220      221       39 
      39      222      223      224       40 
      40      225      226      227       41 
      41      228      229      230       42 
      42      231      232      233       43 
      43      234      235      236       44 
      44      237      238      239       45 
      45      240      241      242       46 
      99      243      244      245       47 
      47      246      247      248       48 
      48      249      250      251       49 
      49      252      253      254       50 
      50      255      256      257       51 
      51      258      259      260       52 
      52      261      262      263       53 
     104      264      265      266       54 
      54      267      268      269       55 
      55      270      271      272       56 
      56      273      274      275       57 
      57      276      277      278       58 
      58      279      280      281       59 
      59      282      283      284       60 
     106      285      286      287       61 
      61      288      289      290       62 
      62      291      292      293       63 
      63      294      295      296       64 
      64      297      298      299       65 
      65      300      301      302       66 
      66      303      304      305       67 
      67      306      307      308       68 
      68      309      310      311       69 
      95      312      313      314       70 
      70      315      316      317       71 
      71      318      319      320       72 
      72      321      322      323       73 
      97      324      325      326       74 
      74      327      328      329       75 
      75      330      331      332       76 
      76      333      334      335       77 
     101      336      337      338       78 
      78      339      340      341       79 
      79      342      343      344       80 
      80      345      346      347       81 
     103      348      349      350       82 
      82      351      352      353       83 
      83      354      355      356       84 
      84      357      358      359       85 
     105      360      361      362       86 
      86      363      364      365       87 
      87      366      367      368       88 
      88      369      370      371       89 
     107      372      373      374       90 
      90      375      376      377       91 
      91      378      379      380       92 
      92      381      382      383       93 
       8       94       95
      15       96       97
      24       98       99
      30      100      101
      38      102      103
      53      104      105
      60      106      107
//User_Points
       1      46      69      73      77      81      85      89
      93
//Curves
       2       0
      -1      -2
//Dimension_Parameters
       0       0       0       0       0       0       0       0       0       0
       0       0       0       0       0       0       0       0       0       0
//Kmeshk
       5
//Second_Dimension_Group
       0       0       0       0       0       0       0       0       0       0
