  3.80e-01          00
 -3.16e-02   -5.32e-01
 -8.34e-01   -1.87e-01
  4.43e-01    8.07e-01
  2.27e-01   -2.71e-01
 -1.32e-01   -2.84e-01
 -1.14e-01    9.79e-02
  7.35e-03    8.44e-02
  5.27e-02    4.35e-02
  2.69e-02   -5.64e-02
 -8.76e-03   -4.13e-02
 -2.15e-02    2.08e-02
 -2.20e-02    6.67e-03
  1.37e-02    2.76e-02
  2.28e-02   -2.63e-02
 -7.10e-03    5.51e-03
 -2.61e-03   -7.35e-03
 -1.07e-02   -3.06e-03
 -2.85e-03    1.15e-02
  1.43e-02    1.96e-03
 -2.04e-04   -1.06e-04
 -8.07e-05   -5.73e-05
 -4.60e-05   -3.85e-05
 -3.07e-05   -2.87e-05
 -2.24e-05   -2.27e-05
 -1.73e-05   -1.88e-05
 -1.39e-05   -1.60e-05
 -1.15e-05   -1.39e-05
 -9.67e-06   -1.23e-05
 -8.28e-06   -1.10e-05
 -7.19e-06   -9.96e-06
 -6.32e-06   -9.11e-06
 -5.60e-06   -8.39e-06
 -4.99e-06   -7.79e-06
 -4.49e-06   -7.27e-06
 -4.05e-06   -6.81e-06
 -3.68e-06   -6.41e-06
 -3.35e-06   -6.06e-06
 -3.06e-06   -5.75e-06
 -2.81e-06   -5.47e-06
