#size=26740 ncols=2 descr=hg18-htm
#chrom expression
1	10.0
1	13.0
1	286.0
1	0
1	1.0
1	8.0
1	3.0
1	4.0
1	37.0
1	34.0
1	15.0
1	6.0
1	185.0
1	729.0
1	117.0
1	13.0
1	42.0
1	184.0
1	257.0
1	120.0
1	26.0
1	33.0
1	81.0
1	27.0
1	17.0
1	3.0
1	17.0
1	11.0
1	132.0
1	48.0
1	7.0
1	195.0
1	48.0
1	162.0
1	143.0
1	179.0
1	200.0
1	12.0
1	319.0
1	177.0
1	163.0
1	321.0
1	3.0
1	486.0
1	172.0
1	877.0
1	46.0
1	100.0
1	432.0
1	30.0
1	183.0
1	29.0
1	549.0
1	29.0
1	9.0
1	154.0
1	6.0
1	166.0
1	1078.0
1	20.0
1	49.0
1	1.0
1	0
1	91.0
1	383.0
1	410.0
1	1.0
1	12.0
1	447.0
1	220.0
1	266.0
1	31.0
1	103.0
1	36.0
1	18.0
1	2.0
1	131.0
1	4.0
1	93.0
1	10.0
1	9.0
1	2.0
1	9.0
1	95.0
1	25.0
1	7.0
1	114.0
1	779.0
1	61.0
1	7.0
1	227.0
1	42.0
1	2.0
1	156.0
1	8.0
1	249.0
1	426.0
1	31.0
1	145.0
1	15.0
1	3.0
1	0
1	17.0
1	14.0
1	0
1	4.0
1	13.0
1	81.0
1	79.0
1	2325.0
1	25.0
1	172.0
1	1.0
1	0
1	414.0
1	7.0
1	129.0
1	64.0
1	174.0
1	33.0
1	403.0
1	38.0
1	301.0
1	64.0
1	55.0
1	27.0
1	1.0
1	17.0
1	443.0
1	4.0
1	1.0
1	6.0
1	95.0
1	193.0
1	6.0
1	9.0
1	429.0
1	14.0
1	2.0
1	298.0
1	23.0
1	282.0
1	5.0
1	730.0
1	7.0
1	5.0
1	135.0
1	9.0
1	98.0
1	26.0
1	6.0
1	207.0
1	80.0
1	92.0
1	46.0
1	77.0
1	0
1	13.0
1	2736.0
1	285.0
1	153.0
1	45.0
1	21.0
1	87.0
1	218.0
1	937.0
1	86.0
1	75.0
1	62.0
1	187.0
1	148.0
1	8.0
1	344.0
1	42.0
1	70.0
1	274.0
1	121.0
1	2.0
1	166.0
1	37.0
1	54.0
1	39.0
1	0
1	75.0
1	582.0
1	80.0
1	223.0
1	622.0
1	46.0
1	277.0
1	15.0
1	48.0
1	118.0
1	101.0
1	6.0
1	168.0
1	141.0
1	100.0
1	27.0
1	4.0
1	41.0
1	88.0
1	187.0
1	1.0
1	3.0
1	143.0
1	3.0
1	77.0
1	0
1	37.0
1	2.0
1	3.0
1	0
1	3.0
1	0
1	2.0
1	0
1	2.0
1	34.0
1	140.0
1	413.0
1	1.0
1	61.0
1	13.0
1	1.0
1	155.0
1	0
1	18.0
1	5.0
1	0
1	529.0
1	301.0
1	216.0
1	43.0
1	34.0
1	392.0
1	52.0
1	2.0
1	10.0
1	46.0
1	243.0
1	3.0
1	926.0
1	2056.0
1	75.0
1	44.0
1	14.0
1	318.0
1	9.0
1	32.0
1	17.0
1	6.0
1	182.0
1	137.0
1	41.0
1	9.0
1	97.0
1	447.0
1	2.0
1	116.0
1	26.0
1	14.0
1	3.0
1	0
1	137.0
1	0
1	84.0
1	65.0
1	4.0
1	3.0
1	5.0
1	71.0
1	1.0
1	2.0
1	106.0
1	472.0
1	415.0
1	419.0
1	126.0
1	20.0
1	2.0
1	20.0
1	1.0
1	169.0
1	88.0
1	10.0
1	2.0
1	2.0
1	116.0
1	2.0
1	3.0
1	245.0
1	243.0
1	364.0
1	6.0
1	102.0
1	176.0
1	19.0
1	81.0
1	69.0
1	3.0
1	917.0
1	444.0
1	1.0
1	493.0
1	14.0
1	676.0
1	2.0
1	51.0
1	2.0
1	36.0
1	124.0
1	14.0
1	187.0
1	2.0
1	57.0
1	7.0
1	15.0
1	0
1	107.0
1	545.0
1	246.0
1	5.0
1	59.0
1	550.0
1	809.0
1	48.0
1	38.0
1	250.0
1	71.0
1	315.0
1	1.0
1	56.0
1	56.0
1	19.0
1	0
1	212.0
1	1147.0
1	40.0
1	1260.0
1	67.0
1	1478.0
1	2.0
1	30.0
1	0
1	19.0
1	76.0
1	6.0
1	708.0
1	143.0
1	72.0
1	11.0
1	3.0
1	250.0
1	148.0
1	26.0
1	663.0
1	40.0
1	8.0
1	164.0
1	17.0
1	33.0
1	208.0
1	3.0
1	8155.0
1	37.0
1	16.0
1	78.0
1	394.0
1	563.0
1	150.0
1	477.0
1	5.0
1	0
1	656.0
1	228.0
1	1.0
1	38.0
1	40.0
1	12.0
1	2.0
1	2.0
1	5.0
1	15.0
1	24.0
1	146.0
1	10.0
1	41.0
1	13.0
1	305.0
1	174.0
1	12.0
1	395.0
1	244.0
1	11.0
1	563.0
1	9.0
1	13.0
1	114.0
1	14.0
1	26.0
1	24.0
1	119.0
1	134.0
1	38.0
1	1405.0
1	2.0
1	21.0
1	1.0
1	10.0
1	41.0
1	54.0
1	0
1	100.0
1	187.0
1	67.0
1	0
1	106.0
1	794.0
1	110.0
1	110.0
1	21.0
1	14.0
1	87.0
1	70.0
1	3.0
1	3165.0
1	164.0
1	149.0
1	21.0
1	46.0
1	1101.0
1	32.0
1	70.0
1	38.0
1	0
1	8.0
1	412.0
1	67.0
1	80.0
1	111.0
1	167.0
1	53.0
1	160.0
1	73.0
1	34.0
1	237.0
1	24.0
1	24.0
1	64.0
1	235.0
1	22.0
1	17.0
1	2.0
1	25.0
1	21.0
1	242.0
1	22.0
1	189.0
1	28.0
1	259.0
1	25.0
1	68.0
1	34.0
1	599.0
1	30.0
1	477.0
1	1280.0
1	116.0
1	89.0
1	99.0
1	21.0
1	269.0
1	281.0
1	228.0
1	565.0
1	1.0
1	63.0
1	3.0
1	16.0
1	22.0
1	2.0
1	178.0
1	54.0
1	101.0
1	194.0
1	159.0
1	55.0
1	1.0
1	0
1	0
1	4.0
1	14.0
1	33.0
1	296.0
1	4.0
1	2.0
1	224.0
1	179.0
1	47.0
1	92.0
1	224.0
1	139.0
1	233.0
1	10.0
1	205.0
1	4.0
1	0
1	254.0
1	155.0
1	74.0
1	243.0
1	47.0
1	531.0
1	5.0
1	778.0
1	52.0
1	56.0
1	164.0
1	68.0
1	64.0
1	0
1	28.0
1	7.0
1	35.0
1	9.0
1	8.0
1	84.0
1	815.0
1	21.0
1	12.0
1	191.0
1	90.0
1	720.0
1	189.0
1	612.0
1	15.0
1	302.0
1	94.0
1	389.0
1	236.0
1	101.0
1	88.0
1	191.0
1	230.0
1	162.0
1	555.0
1	17.0
1	43.0
1	72.0
1	106.0
1	198.0
1	0
1	6.0
1	19.0
1	10.0
1	11.0
1	45.0
1	13.0
1	69.0
1	0
1	56.0
1	176.0
1	1.0
1	18.0
1	17.0
1	127.0
1	45.0
1	613.0
1	67.0
1	380.0
1	740.0
1	19.0
1	40.0
1	554.0
1	62.0
1	2.0
1	383.0
1	21.0
1	37.0
1	51.0
1	27.0
1	144.0
1	13.0
1	4.0
1	2.0
1	10.0
1	153.0
1	62.0
1	295.0
1	920.0
1	390.0
1	370.0
1	21.0
1	429.0
1	342.0
1	46.0
1	182.0
1	196.0
1	23.0
1	1.0
1	1.0
1	17.0
1	207.0
1	14.0
1	259.0
1	19.0
1	23.0
1	93.0
1	7.0
1	45.0
1	66.0
1	23.0
1	4.0
1	48.0
1	46.0
1	101.0
1	619.0
1	36.0
1	116.0
1	3.0
1	384.0
1	196.0
1	154.0
1	12.0
1	2.0
1	1.0
1	352.0
1	2.0
1	115.0
1	191.0
1	678.0
1	46.0
1	460.0
1	5.0
1	20.0
1	242.0
1	76.0
1	54.0
1	298.0
1	9.0
1	0
1	94.0
1	20.0
1	1.0
1	112.0
1	945.0
1	346.0
1	85.0
1	49.0
1	11.0
1	139.0
1	11.0
1	1430.0
1	3.0
1	80.0
1	25.0
1	8.0
1	12.0
1	280.0
1	5.0
1	258.0
1	12.0
1	127.0
1	7.0
1	164.0
1	24.0
1	6047.0
1	1.0
1	57.0
1	30.0
1	27.0
1	11.0
1	76.0
1	59.0
1	144.0
1	238.0
1	12.0
1	0
1	3.0
1	0
1	73.0
1	170.0
1	6.0
1	16.0
1	0
1	2.0
1	246.0
1	4.0
1	396.0
1	12.0
1	5.0
1	125.0
1	83.0
1	0
1	195.0
1	17.0
1	10.0
1	24.0
1	3.0
1	11.0
1	873.0
1	40.0
1	8.0
1	314.0
1	0
1	1.0
1	94.0
1	224.0
1	13.0
1	265.0
1	196.0
1	168.0
1	55.0
1	148.0
1	16.0
1	398.0
1	1.0
1	143.0
1	34.0
1	297.0
1	83.0
1	15.0
1	113.0
1	137.0
1	171.0
1	631.0
1	385.0
1	33.0
1	5.0
1	1.0
1	3.0
1	9.0
1	181.0
1	781.0
1	554.0
1	82.0
1	21.0
1	89.0
1	1395.0
1	63.0
1	1172.0
1	1.0
1	128.0
1	98.0
1	570.0
1	27.0
1	13.0
1	10.0
1	89.0
1	19.0
1	35.0
1	4.0
1	15.0
1	1666.0
1	84.0
1	295.0
1	824.0
1	10.0
1	88.0
1	90.0
1	5.0
1	223.0
1	59.0
1	3.0
1	289.0
1	253.0
1	9.0
1	182.0
1	464.0
1	2.0
1	2081.0
1	33.0
1	0
1	124.0
1	7.0
1	42.0
1	6.0
1	4.0
1	1.0
1	4.0
1	58.0
1	34.0
1	276.0
1	35.0
1	3287.0
1	193.0
1	26.0
1	0
1	8.0
1	4.0
1	17.0
1	4.0
1	1.0
1	175.0
1	53.0
1	1.0
1	34.0
1	379.0
1	3.0
1	2.0
1	4.0
1	7.0
1	12.0
1	144.0
1	6.0
1	0
1	1.0
1	18.0
1	72.0
1	85.0
1	0
1	0
1	131.0
1	8.0
1	76.0
1	6.0
1	52.0
1	6.0
1	16.0
1	661.0
1	7.0
1	21.0
1	204.0
1	12.0
1	168.0
1	231.0
1	99.0
1	154.0
1	279.0
1	23.0
1	80.0
1	154.0
1	77.0
1	3.0
1	2.0
1	42.0
1	86.0
1	87.0
1	55.0
1	67.0
1	17.0
1	125.0
1	3191.0
1	49.0
1	110.0
1	414.0
1	39.0
1	32.0
1	0
1	112.0
1	161.0
1	8.0
1	554.0
1	7.0
1	32.0
1	43.0
1	4.0
1	2.0
1	0
1	15.0
1	3.0
1	322.0
1	20.0
1	15.0
1	113.0
1	108.0
1	6.0
1	30.0
1	857.0
1	65.0
1	8.0
1	262.0
1	427.0
1	50.0
1	278.0
1	3.0
1	29.0
1	4.0
1	174.0
1	44.0
1	0
1	1.0
1	3.0
1	177.0
1	0
1	17.0
1	4.0
1	28.0
1	257.0
1	3.0
1	9.0
1	2.0
1	6.0
1	0
1	1.0
1	27.0
1	434.0
1	1.0
1	19.0
1	13.0
1	271.0
1	2.0
1	28.0
1	80.0
1	8.0
1	80.0
1	0
1	3.0
1	38.0
1	874.0
1	161.0
1	1610.0
1	3.0
1	4.0
1	3.0
1	3.0
1	750.0
1	7.0
1	13.0
1	23.0
1	5.0
1	0
1	1.0
1	0
1	88.0
1	13.0
1	11.0
1	38.0
1	152.0
1	3.0
1	96.0
1	174.0
1	8.0
1	53.0
1	144.0
1	68.0
1	51.0
1	18.0
1	11.0
1	0
1	114.0
1	158.0
1	70.0
1	221.0
1	23.0
1	69.0
1	19.0
1	8.0
1	66.0
1	32.0
1	104.0
1	0
1	75.0
1	15.0
1	40.0
1	216.0
1	5.0
1	133.0
1	2.0
1	65.0
1	1.0
1	223.0
1	0
1	84.0
1	0
1	46.0
1	9.0
1	24.0
1	4.0
1	1.0
1	1490.0
1	3.0
1	543.0
1	587.0
1	5.0
1	20.0
1	99.0
1	5.0
1	113.0
1	46.0
1	4.0
1	3.0
1	0
1	1.0
1	29.0
1	1.0
1	20.0
1	97.0
1	1.0
1	956.0
1	12.0
1	76.0
1	15.0
1	0
1	64.0
1	33.0
1	0
1	218.0
1	3.0
1	2.0
1	115.0
1	0
1	1.0
1	0
1	0
1	84.0
1	1.0
1	10.0
1	53.0
1	32.0
1	13.0
1	0
1	21.0
1	40.0
1	99.0
1	1.0
1	4.0
1	7.0
1	49.0
1	143.0
1	83.0
1	239.0
1	2.0
1	9.0
1	3.0
1	2.0
1	25.0
1	25.0
1	1.0
1	199.0
1	144.0
1	69.0
1	251.0
1	74.0
1	1.0
1	62.0
1	353.0
1	141.0
1	16.0
1	164.0
1	28.0
1	69.0
1	194.0
1	0
1	10.0
1	10.0
1	0
1	78.0
1	39.0
1	1.0
1	3.0
1	0
1	7.0
1	19.0
1	56.0
1	33.0
1	13.0
1	43.0
1	18.0
1	6.0
1	171.0
1	550.0
1	1.0
1	7.0
1	3.0
1	252.0
1	14.0
1	12.0
1	21.0
1	3.0
1	18.0
1	3.0
1	22.0
1	3.0
1	136.0
1	71.0
1	5.0
1	438.0
1	1.0
1	1206.0
1	66.0
1	6.0
1	2.0
1	6.0
1	14.0
1	10.0
1	21.0
1	51.0
1	0
1	2.0
1	10.0
1	303.0
1	327.0
1	29.0
1	0
1	5.0
1	933.0
1	36.0
1	54.0
1	5.0
1	4.0
1	1.0
1	24.0
1	97.0
1	223.0
1	55.0
1	70.0
1	183.0
1	1012.0
1	3.0
1	444.0
1	11.0
1	13.0
1	0
1	1.0
1	5.0
1	20.0
1	32.0
1	6.0
1	33.0
1	79.0
1	4.0
1	123.0
1	6.0
1	8.0
1	12.0
1	40.0
1	192.0
1	25.0
1	34.0
1	122.0
1	3.0
1	15.0
1	0
1	12.0
1	0
1	33.0
1	11.0
1	2.0
1	2.0
1	47.0
1	26.0
1	35.0
1	10.0
1	8.0
1	52.0
1	3645.0
1	65.0
1	75.0
1	4.0
1	60.0
1	236.0
1	198.0
1	65.0
1	180.0
1	63.0
1	276.0
1	170.0
1	5.0
1	2.0
1	237.0
1	19.0
1	47.0
1	3.0
1	420.0
1	15.0
1	202.0
1	3.0
1	94.0
1	5.0
1	3.0
1	805.0
1	1.0
1	5.0
1	0
1	10.0
1	12.0
1	1747.0
1	4.0
1	36.0
1	60.0
1	1.0
1	8.0
1	1.0
1	1.0
1	14.0
1	0
1	4.0
1	65.0
1	72.0
1	6.0
1	3.0
1	104.0
1	1.0
1	16.0
1	0
1	143.0
1	117.0
1	3.0
1	178.0
1	0
1	90.0
1	24.0
1	16.0
1	31.0
1	3.0
1	36.0
1	78.0
1	8.0
1	69.0
1	10.0
1	2.0
1	0
1	108.0
1	63.0
1	20.0
1	80.0
1	35.0
1	88.0
1	74.0
1	1.0
1	14.0
1	3.0
1	6.0
1	6.0
1	66.0
1	10.0
1	4.0
1	1523.0
1	281.0
1	281.0
1	1.0
1	6.0
1	7.0
1	15.0
1	44.0
1	58.0
1	0
1	4856.0
1	107.0
1	2.0
1	2.0
1	57.0
1	2.0
1	6.0
1	3.0
1	6.0
1	0
1	2362.0
1	52.0
1	319.0
1	0
1	325.0
1	13.0
1	30.0
1	79.0
1	64.0
1	14.0
1	1.0
1	74.0
1	325.0
1	14.0
1	120.0
1	694.0
1	299.0
1	220.0
1	15.0
1	186.0
1	4.0
1	287.0
1	30.0
1	20.0
1	134.0
1	23.0
1	6.0
1	5.0
1	2.0
1	222.0
1	4.0
1	249.0
1	742.0
1	25.0
1	214.0
1	21.0
1	178.0
1	695.0
1	354.0
1	7.0
1	13.0
1	135.0
1	114.0
1	8.0
1	67.0
1	98.0
1	12.0
1	952.0
1	5.0
1	2.0
1	2.0
1	8.0
1	54.0
1	4.0
1	35.0
1	18.0
1	0
1	153.0
1	112.0
1	3.0
1	150.0
1	72.0
1	1.0
1	111.0
1	103.0
1	17.0
1	15.0
1	251.0
1	397.0
1	63.0
1	24.0
1	3.0
1	141.0
1	7.0
1	26.0
1	43.0
1	8.0
1	40.0
1	34.0
1	26.0
1	2.0
1	0
1	16.0
1	7.0
1	265.0
1	4.0
1	83.0
1	4.0
1	253.0
1	62.0
1	1332.0
1	15.0
1	16.0
1	16.0
1	16.0
1	32.0
1	103.0
1	11.0
1	14.0
1	33.0
1	37.0
1	0
1	9.0
1	53.0
1	68.0
1	2.0
1	18.0
1	5.0
1	63.0
1	33.0
1	16.0
1	95.0
1	83.0
1	41.0
1	239.0
1	179.0
1	6.0
1	67.0
1	35.0
1	1350.0
1	85.0
1	121.0
1	18.0
1	23.0
1	49.0
1	7.0
1	0
1	24.0
1	56.0
1	124.0
1	21.0
1	3.0
1	0
1	2.0
1	1444.0
1	68.0
1	34.0
1	5.0
1	0
1	24.0
1	27.0
1	60.0
1	1.0
1	34.0
1	54.0
1	23.0
1	0
1	7.0
1	52.0
1	122.0
1	2.0
1	2.0
1	52.0
1	4.0
1	16.0
1	190.0
1	14.0
1	4.0
1	32.0
1	14.0
1	5.0
1	8.0
1	8.0
1	11.0
1	174.0
1	19.0
1	1.0
1	343.0
1	1.0
1	72.0
1	49.0
1	1.0
1	20.0
1	274.0
1	20.0
1	40.0
1	8.0
1	10.0
1	1.0
1	58.0
1	51.0
1	0
1	0
1	45.0
1	97.0
1	18.0
1	2.0
1	1403.0
1	5.0
1	13.0
1	71.0
1	41.0
1	41.0
1	6059.0
1	480.0
1	125.0
1	6.0
1	3.0
1	126.0
1	252.0
1	345.0
1	39.0
1	16.0
1	753.0
1	39.0
1	24.0
1	42.0
1	69.0
1	554.0
1	50.0
1	69.0
1	96.0
1	90.0
1	20.0
1	1.0
1	77.0
1	85.0
1	19.0
1	9.0
1	25.0
1	5.0
1	4.0
1	22.0
1	5.0
1	8.0
1	7.0
1	10.0
1	55.0
1	10.0
1	51.0
1	11.0
1	44.0
1	78.0
1	33.0
1	55.0
1	8.0
1	164.0
1	8.0
1	1.0
1	7.0
1	5.0
1	22.0
1	5.0
1	1653.0
1	1.0
1	5.0
1	57.0
1	5.0
1	5.0
1	73.0
1	1.0
1	95.0
1	6.0
1	8.0
1	6.0
1	0
1	27.0
1	7.0
1	10.0
1	339.0
1	27.0
1	131.0
1	25.0
1	112.0
1	24.0
1	141.0
1	31.0
1	52.0
1	2.0
1	179.0
1	139.0
1	299.0
1	32.0
1	350.0
1	75.0
1	12.0
1	810.0
1	87.0
1	96.0
1	20.0
1	18.0
1	26.0
1	150.0
1	2.0
1	267.0
1	1305.0
1	12.0
1	4.0
1	746.0
1	26.0
1	50.0
1	15.0
1	170.0
1	163.0
1	1.0
1	33.0
1	410.0
1	5.0
1	41.0
1	48.0
1	25.0
1	169.0
1	125.0
1	200.0
1	108.0
1	18.0
1	0
1	5.0
1	4.0
1	1025.0
1	45.0
1	119.0
1	61.0
1	851.0
1	13.0
1	71.0
1	232.0
1	81.0
1	4.0
1	662.0
1	1289.0
1	50.0
1	77.0
1	82.0
1	50.0
1	47.0
1	13.0
1	136.0
1	61.0
1	44.0
1	13.0
1	30.0
1	3.0
1	63.0
1	3420.0
1	1515.0
1	1732.0
1	1.0
1	7.0
1	4.0
1	12.0
1	5.0
1	9.0
1	85.0
1	94.0
1	6.0
1	95.0
1	38.0
1	1.0
1	12.0
1	94.0
1	206.0
1	14.0
1	21.0
1	46.0
1	8.0
1	16.0
1	5.0
1	39.0
1	1.0
1	57.0
1	315.0
1	516.0
1	549.0
1	189.0
1	370.0
1	14.0
1	9.0
1	1.0
1	74.0
1	2.0
1	2.0
1	10.0
1	4869.0
1	4142.0
1	3.0
1	4.0
1	166.0
1	3467.0
1	6.0
1	442.0
1	26.0
1	4494.0
1	955.0
1	1550.0
1	11.0
1	4.0
1	10.0
1	115.0
1	450.0
1	53.0
1	235.0
1	16.0
1	140.0
1	51.0
1	224.0
1	12.0
1	69.0
1	495.0
1	41.0
1	792.0
1	158.0
1	1.0
1	1601.0
1	112.0
1	486.0
1	294.0
1	789.0
1	7.0
1	91.0
1	13.0
1	113.0
1	6.0
1	31.0
1	4.0
1	178.0
1	10.0
1	285.0
1	4.0
1	247.0
1	2.0
1	7.0
1	1218.0
1	1086.0
1	149.0
1	51.0
1	358.0
1	584.0
1	145.0
1	5.0
1	15.0
1	7.0
1	356.0
1	6.0
1	56.0
1	31.0
1	181.0
1	52.0
1	192.0
1	409.0
1	28.0
1	263.0
1	72.0
1	5.0
1	214.0
1	209.0
1	126.0
1	271.0
1	159.0
1	49.0
1	154.0
1	255.0
1	5.0
1	244.0
1	92.0
1	13.0
1	130.0
1	34.0
1	36.0
1	64.0
1	160.0
1	144.0
1	215.0
1	293.0
1	36.0
1	55.0
1	152.0
1	413.0
1	118.0
1	7664.0
1	78.0
1	1664.0
1	43.0
1	455.0
1	288.0
1	118.0
1	141.0
1	40.0
1	167.0
1	1017.0
1	16.0
1	4.0
1	349.0
1	138.0
1	23.0
1	178.0
1	282.0
1	4.0
1	20.0
1	186.0
1	438.0
1	244.0
1	121.0
1	83.0
1	347.0
1	347.0
1	752.0
1	35.0
1	81.0
1	4.0
1	253.0
1	10.0
1	44.0
1	33.0
1	4.0
1	63.0
1	2.0
1	1.0
1	62.0
1	5.0
1	29.0
1	11.0
1	16.0
1	6.0
1	2.0
1	1048.0
1	325.0
1	6.0
1	21.0
1	101.0
1	22.0
1	3.0
1	15.0
1	16997.0
1	150.0
1	426.0
1	8.0
1	126.0
1	1.0
1	86.0
1	22.0
1	3.0
1	27.0
1	509.0
1	312.0
1	4.0
1	8.0
1	7.0
1	3.0
1	11.0
1	3116.0
1	35.0
1	4.0
1	72.0
1	1.0
1	6.0
1	18.0
1	40.0
1	38.0
1	22.0
1	105.0
1	308.0
1	6.0
1	40.0
1	524.0
1	479.0
1	34.0
1	0
1	319.0
1	118.0
1	230.0
1	138.0
1	3.0
1	25.0
1	1.0
1	12.0
1	0
1	26.0
1	31.0
1	30.0
1	1170.0
1	18.0
1	9.0
1	42.0
1	0
1	3.0
1	247.0
1	8.0
1	208.0
1	87.0
1	34.0
1	153.0
1	29.0
1	279.0
1	226.0
1	135.0
1	0
1	684.0
1	166.0
1	16.0
1	200.0
1	9.0
1	205.0
1	524.0
1	243.0
1	124.0
1	34.0
1	4.0
1	1.0
1	31.0
1	9.0
1	26.0
1	173.0
1	3.0
1	60.0
1	48.0
1	147.0
1	1.0
1	56.0
1	63.0
1	3.0
1	9.0
1	119.0
1	8.0
1	40.0
1	35.0
1	27.0
1	33.0
1	998.0
1	3.0
1	101.0
1	80.0
1	363.0
1	12.0
1	231.0
1	68.0
1	159.0
1	2.0
1	171.0
1	511.0
1	0
1	53.0
1	5.0
1	205.0
1	1.0
1	1.0
1	3.0
1	4.0
1	32.0
1	10.0
1	4.0
1	7.0
1	370.0
1	667.0
1	9.0
1	11.0
1	509.0
1	7.0
1	112.0
1	2.0
1	6.0
1	1.0
1	39.0
1	67.0
1	0
1	56.0
1	5.0
1	3.0
1	124.0
1	4.0
1	10.0
1	22.0
1	246.0
1	10.0
1	6.0
1	266.0
1	13.0
1	377.0
1	497.0
1	43.0
1	65.0
1	85.0
1	79.0
1	1.0
1	39.0
1	3.0
1	33.0
1	0
1	7.0
1	1221.0
1	721.0
1	46.0
1	7.0
1	3.0
1	57.0
1	2.0
1	32.0
1	70.0
1	105.0
1	170.0
1	4.0
1	20.0
1	25.0
1	1.0
1	28.0
1	171.0
1	6.0
1	2.0
1	29.0
1	6.0
1	1.0
1	123.0
1	2.0
1	17.0
1	225.0
1	14.0
1	1.0
1	33.0
1	3.0
1	628.0
1	36.0
1	134.0
1	209.0
1	89.0
1	36.0
1	107.0
1	4.0
1	1.0
1	163.0
1	9.0
1	51.0
1	960.0
1	2.0
1	9.0
1	6.0
1	63.0
1	3375.0
1	39.0
1	3.0
1	9.0
1	6.0
1	97.0
1	115.0
1	40.0
1	2.0
1	25.0
1	5.0
1	2.0
1	209.0
1	154.0
1	14.0
1	65.0
1	77.0
1	3.0
1	0
1	0
1	166.0
1	389.0
1	85.0
1	7.0
1	11.0
1	2.0
1	0
1	42.0
1	12.0
1	53.0
1	0
1	79.0
1	2.0
1	3.0
1	103.0
1	10.0
1	1.0
1	164.0
1	34.0
1	57.0
1	49.0
1	2.0
1	118.0
1	36.0
1	57.0
1	170.0
1	66.0
1	17.0
1	0
1	22.0
1	0
1	10.0
1	4.0
1	1.0
1	0
1	6.0
1	42.0
1	8.0
1	5.0
1	80.0
1	6.0
1	178.0
1	0
1	4.0
1	161.0
1	1027.0
1	5.0
1	12.0
1	55.0
1	10.0
1	12.0
1	101.0
1	7.0
1	59.0
1	1.0
1	0
1	7.0
1	77.0
1	117.0
1	3.0
1	119.0
1	5.0
1	18.0
1	0
1	1.0
1	3.0
1	6.0
1	2074.0
1	0
1	1.0
1	1.0
1	10.0
1	113.0
1	2.0
1	40.0
1	3.0
1	17.0
1	231.0
1	41.0
1	0
1	108.0
1	988.0
1	122.0
1	310.0
1	18.0
1	247.0
1	299.0
1	10.0
1	51.0
1	173.0
1	438.0
1	119.0
1	152.0
1	0
1	80.0
1	141.0
1	13.0
1	284.0
1	1.0
1	11.0
1	0
1	16.0
1	183.0
1	296.0
1	231.0
1	22.0
1	90.0
1	18.0
1	0
1	1.0
1	9.0
1	15.0
1	3.0
1	268.0
1	0
1	2.0
1	10.0
1	27.0
1	164.0
1	6.0
1	168.0
1	32.0
1	5.0
1	33.0
1	309.0
1	12.0
1	110.0
1	986.0
1	18.0
1	11.0
1	1.0
1	1.0
1	14.0
1	1.0
1	511.0
1	18.0
1	6.0
1	7.0
1	132.0
1	24.0
1	11.0
1	57.0
1	104.0
1	10.0
1	9.0
1	12.0
1	3.0
1	139.0
1	0
1	116.0
1	2.0
1	5.0
1	8.0
1	373.0
1	8.0
1	3.0
1	31.0
1	33.0
1	190.0
1	13.0
1	18.0
1	23.0
1	345.0
1	36.0
1	9.0
1	1.0
1	266.0
1	2.0
1	3.0
1	35.0
1	300.0
1	9.0
1	1.0
1	140.0
1	144.0
1	140.0
1	909.0
1	18.0
1	231.0
1	2240.0
1	2240.0
1	1617.0
1	13.0
1	71.0
1	4.0
1	0
1	119.0
1	203.0
1	117.0
1	10.0
1	226.0
1	457.0
1	280.0
1	2.0
1	46.0
1	6.0
1	325.0
1	20.0
1	7.0
1	19.0
1	76.0
1	65.0
1	21.0
1	0
1	59.0
1	13.0
1	5.0
1	19.0
1	73.0
1	56.0
1	335.0
1	152.0
1	135.0
1	66.0
1	63.0
1	4.0
1	83.0
1	5.0
1	108.0
1	16.0
1	5.0
1	2.0
1	236.0
1	328.0
1	1.0
1	0
1	180.0
1	11.0
1	633.0
1	163.0
1	188.0
1	10.0
1	438.0
1	0
1	54.0
1	111.0
1	3.0
1	130.0
1	2024.0
1	12.0
1	44.0
1	257.0
1	0
1	152.0
1	25.0
1	16.0
1	1.0
1	26.0
1	21.0
1	27.0
1	120.0
1	75.0
1	63.0
1	18.0
1	146.0
1	117.0
1	4.0
1	1722.0
1	54.0
1	54.0
1	33.0
1	88.0
1	39.0
1	0
1	35.0
1	6.0
1	5.0
1	70.0
1	332.0
1	1028.0
1	490.0
1	138.0
1	3.0
1	11.0
1	40.0
1	3.0
1	50.0
1	159.0
1	68.0
1	19.0
1	58.0
1	2.0
1	33.0
1	358.0
1	24.0
1	6.0
1	5.0
1	6.0
1	9.0
1	10.0
1	602.0
1	3.0
1	70.0
1	175.0
1	12.0
1	458.0
1	2.0
1	5.0
1	2.0
1	541.0
1	7.0
1	5.0
1	12.0
1	8.0
1	0
1	239.0
1	196.0
1	0
1	3.0
1	102.0
1	7.0
1	368.0
1	1.0
1	0
1	46.0
1	2.0
1	218.0
1	35.0
1	279.0
1	109.0
1	238.0
1	58.0
1	14.0
1	16.0
1	15.0
1	70.0
1	73.0
1	20.0
1	13.0
1	72.0
1	14.0
1	17.0
1	2.0
1	1.0
1	125.0
1	24.0
1	91.0
1	26.0
1	216.0
1	0
1	39.0
1	58.0
1	83.0
1	91.0
1	8.0
1	33.0
1	73.0
1	109.0
1	58.0
1	55.0
1	363.0
1	122.0
1	32.0
1	2.0
1	50.0
1	119.0
1	38.0
1	6.0
1	21.0
1	6.0
1	46.0
1	8.0
1	52.0
1	137.0
1	245.0
1	9.0
1	5.0
1	16.0
1	6.0
1	206.0
1	70.0
1	44.0
1	68.0
1	52.0
1	48.0
1	13.0
1	5.0
1	53.0
1	62.0
1	9.0
1	1.0
1	2.0
1	0
1	47.0
1	74.0
1	23.0
1	1.0
1	40.0
1	38.0
1	0
1	87.0
1	13.0
1	4.0
1	1.0
1	10.0
1	4608.0
1	92.0
1	112.0
1	31.0
1	37.0
1	0
1	70.0
1	0
1	70.0
1	45.0
1	4.0
1	301.0
1	31.0
1	5.0
1	24.0
1	0
1	5.0
1	6.0
1	17.0
1	4.0
1	66.0
1	2.0
1	209.0
1	26.0
1	0
1	239.0
1	48.0
1	6.0
1	3.0
1	49.0
1	1.0
1	27.0
1	10.0
1	504.0
1	51.0
1	1.0
1	12.0
1	129.0
1	1341.0
1	9.0
1	12.0
1	41.0
1	159.0
1	427.0
1	259.0
1	0
1	92.0
1	4.0
1	208.0
1	9.0
1	447.0
1	4.0
1	0
1	2225.0
1	625.0
1	51.0
1	36.0
1	14.0
1	94.0
1	18.0
1	129.0
1	2.0
1	4639.0
1	2.0
1	3.0
1	256.0
1	7.0
1	1.0
1	28.0
1	237.0
1	51.0
1	205.0
1	0
1	5.0
1	1.0
1	344.0
1	131.0
1	6.0
1	1.0
1	2.0
1	138.0
1	120.0
1	5.0
1	2.0
1	13.0
1	636.0
1	277.0
1	7.0
1	367.0
1	1523.0
1	24.0
1	0
1	32.0
1	22.0
1	204.0
1	0
1	2.0
1	63.0
1	12.0
1	88.0
1	2.0
1	42.0
1	11.0
1	5.0
1	231.0
1	7.0
1	118.0
1	2.0
1	2779.0
1	205.0
1	152.0
1	77.0
1	11.0
1	20.0
1	16.0
1	124.0
1	6.0
1	284.0
1	0
1	2.0
1	49.0
1	380.0
1	48.0
1	23.0
1	90.0
1	2.0
1	0
1	49.0
1	121.0
1	76.0
1	51.0
1	70.0
1	167.0
1	0
1	76.0
1	191.0
1	7.0
1	2.0
1	1038.0
1	97.0
1	167.0
1	53.0
1	50.0
1	46.0
1	0
1	6.0
1	3.0
1	45.0
1	8.0
1	0
1	3.0
1	88.0
1	0
1	34.0
1	73.0
1	22.0
1	104.0
1	41.0
1	1.0
1	60.0
1	117.0
1	295.0
1	2.0
1	7.0
1	0
1	1.0
1	2.0
1	0
1	9.0
1	190.0
1	60.0
1	102.0
1	86.0
1	5.0
1	29.0
1	47.0
1	40.0
1	228.0
1	122.0
1	66.0
1	66.0
1	43.0
1	19.0
1	158.0
1	77.0
1	83.0
1	293.0
1	42.0
1	41.0
1	12.0
1	1.0
1	14.0
1	0
1	8.0
1	3.0
1	0
1	0
1	17.0
1	2.0
1	14.0
1	4.0
1	35.0
1	193.0
1	173.0
1	55.0
1	132.0
1	2.0
1	10.0
1	8.0
1	7.0
1	248.0
1	100.0
1	316.0
1	0
1	0
1	2.0
1	6144.0
1	10.0
1	0
1	51.0
1	14.0
1	324.0
1	536.0
1	57.0
1	5.0
1	895.0
1	6.0
1	1.0
1	29.0
1	19.0
1	9.0
1	30.0
1	12.0
1	114.0
1	0
1	0
1	27.0
1	82.0
1	182.0
1	26.0
1	101.0
1	27.0
1	7.0
1	2.0
1	2.0
1	25.0
1	5.0
1	39.0
1	33.0
1	105.0
1	42.0
1	39.0
1	8.0
1	63.0
1	9.0
1	1.0
1	3.0
1	2.0
1	16.0
1	1.0
1	7.0
1	47.0
1	28.0
1	409.0
1	817.0
1	81.0
1	2.0
1	16.0
1	46.0
2	37.0
2	5.0
2	77.0
2	350.0
2	300.0
2	20.0
2	2.0
2	1.0
2	0
2	3.0
2	8.0
2	187.0
2	3.0
2	2.0
2	1.0
2	7.0
2	0
2	4.0
2	4.0
2	11.0
2	15.0
2	2.0
2	1.0
2	0
2	137.0
2	546.0
2	146.0
2	11.0
2	2.0
2	9.0
2	125.0
2	0
2	439.0
2	63.0
2	227.0
2	9.0
2	159.0
2	98.0
2	75.0
2	2316.0
2	23.0
2	34.0
2	3.0
2	2.0
2	2.0
2	0
2	128.0
2	1.0
2	2.0
2	1.0
2	17.0
2	4.0
2	0
2	2.0
2	61.0
2	37.0
2	8.0
2	47.0
2	8.0
2	23.0
2	20.0
2	0
2	6.0
2	11.0
2	1025.0
2	6.0
2	48.0
2	6.0
2	10.0
2	136.0
2	252.0
2	254.0
2	124.0
2	25.0
2	13.0
2	0
2	7.0
2	2257.0
2	10.0
2	24.0
2	30.0
2	20.0
2	1.0
2	27.0
2	1.0
2	115.0
2	0
2	18.0
2	114.0
2	11.0
2	486.0
2	3.0
2	426.0
2	10.0
2	1813.0
2	21.0
2	5.0
2	705.0
2	214.0
2	34.0
2	1.0
2	0
2	40.0
2	102.0
2	1.0
2	2.0
2	4.0
2	112.0
2	3.0
2	8.0
2	325.0
2	2.0
2	1.0
2	3.0
2	0
2	27.0
2	1.0
2	26.0
2	38.0
2	105.0
2	0
2	331.0
2	14.0
2	99.0
2	5.0
2	1.0
2	11.0
2	1.0
2	29.0
2	5.0
2	301.0
2	319.0
2	48.0
2	107.0
2	1.0
2	6.0
2	251.0
2	2.0
2	7.0
2	10.0
2	9.0
2	0
2	33.0
2	39.0
2	40.0
2	33.0
2	2033.0
2	1.0
2	487.0
2	0
2	212.0
2	980.0
2	69.0
2	0
2	7.0
2	64.0
2	1.0
2	1.0
2	1.0
2	21.0
2	0
2	52.0
2	0
2	23.0
2	0
2	7.0
2	1.0
2	58.0
2	6.0
2	93.0
2	54.0
2	4.0
2	1.0
2	1.0
2	163.0
2	366.0
2	121.0
2	168.0
2	504.0
2	1.0
2	152.0
2	189.0
2	219.0
2	223.0
2	45.0
2	107.0
2	2.0
2	14.0
2	4.0
2	0
2	35.0
2	13.0
2	4.0
2	61.0
2	1199.0
2	6.0
2	89.0
2	1647.0
2	104.0
2	333.0
2	41.0
2	399.0
2	456.0
2	51.0
2	106.0
2	2.0
2	4.0
2	43.0
2	9.0
2	25.0
2	28.0
2	12.0
2	102.0
2	0
2	187.0
2	165.0
2	34.0
2	162.0
2	67.0
2	123.0
2	1.0
2	190.0
2	42.0
2	35.0
2	6.0
2	93.0
2	5.0
2	111.0
2	286.0
2	235.0
2	43.0
2	185.0
2	61.0
2	11.0
2	96.0
2	159.0
2	152.0
2	671.0
2	98.0
2	624.0
2	0
2	139.0
2	51.0
2	57.0
2	263.0
2	21.0
2	0
2	1.0
2	72.0
2	14.0
2	95.0
2	122.0
2	15.0
2	135.0
2	591.0
2	26.0
2	11.0
2	281.0
2	506.0
2	12.0
2	1.0
2	759.0
2	30.0
2	979.0
2	17.0
2	159.0
2	11.0
2	1.0
2	28.0
2	5.0
2	3.0
2	10.0
2	580.0
2	81.0
2	16.0
2	30.0
2	43.0
2	35.0
2	15.0
2	112.0
2	13.0
2	194.0
2	7.0
2	30.0
2	3.0
2	442.0
2	9.0
2	69.0
2	13.0
2	67.0
2	35.0
2	3.0
2	89.0
2	23.0
2	209.0
2	3.0
2	16.0
2	6.0
2	112.0
2	30.0
2	1.0
2	245.0
2	1.0
2	0
2	38.0
2	445.0
2	288.0
2	30.0
2	4.0
2	47.0
2	8.0
2	2.0
2	363.0
2	105.0
2	30.0
2	89.0
2	0
2	161.0
2	100.0
2	41.0
2	140.0
2	140.0
2	154.0
2	0
2	28.0
2	187.0
2	2.0
2	152.0
2	6.0
2	9.0
2	4896.0
2	12.0
2	222.0
2	8.0
2	475.0
2	40.0
2	12.0
2	24.0
2	1.0
2	277.0
2	12.0
2	0
2	0
2	66.0
2	22.0
2	29.0
2	0
2	174.0
2	13.0
2	40.0
2	35.0
2	3.0
2	2.0
2	33.0
2	24.0
2	4.0
2	2.0
2	0
2	3.0
2	0
2	48.0
2	1.0
2	388.0
2	148.0
2	6.0
2	169.0
2	11.0
2	3.0
2	6.0
2	1292.0
2	8.0
2	112.0
2	128.0
2	47.0
2	0
2	8.0
2	77.0
2	408.0
2	1.0
2	342.0
2	22.0
2	307.0
2	2.0
2	35.0
2	42.0
2	21.0
2	7.0
2	1.0
2	8.0
2	2.0
2	34.0
2	83.0
2	51.0
2	2.0
2	3365.0
2	12.0
2	11.0
2	170.0
2	3.0
2	145.0
2	112.0
2	25.0
2	16.0
2	2.0
2	24.0
2	0
2	125.0
2	104.0
2	6.0
2	1991.0
2	1.0
2	3.0
2	239.0
2	456.0
2	0
2	23.0
2	0
2	2.0
2	180.0
2	158.0
2	7.0
2	1.0
2	13.0
2	133.0
2	97.0
2	37.0
2	2.0
2	1.0
2	146.0
2	4.0
2	0
2	2.0
2	152.0
2	197.0
2	0
2	4.0
2	36.0
2	22.0
2	242.0
2	137.0
2	133.0
2	5.0
2	5.0
2	21.0
2	505.0
2	1.0
2	96.0
2	2.0
2	4.0
2	18.0
2	1573.0
2	50.0
2	40.0
2	18.0
2	15.0
2	9184.0
2	80.0
2	3.0
2	224.0
2	3.0
2	108.0
2	214.0
2	272.0
2	440.0
2	5.0
2	1840.0
2	5.0
2	1.0
2	53.0
2	11.0
2	28.0
2	4.0
2	89.0
2	4.0
2	530.0
2	12.0
2	0
2	1.0
2	7.0
2	150.0
2	110.0
2	0
2	117.0
2	7.0
2	4.0
2	7.0
2	94.0
2	79.0
2	27.0
2	13.0
2	335.0
2	25.0
2	447.0
2	4.0
2	195.0
2	6.0
2	219.0
2	6.0
2	349.0
2	1.0
2	99.0
2	1.0
2	9821.0
2	168.0
2	1.0
2	52.0
2	1.0
2	100.0
2	5.0
2	227.0
2	1.0
2	5.0
2	13.0
2	2057.0
2	318.0
2	49.0
2	164.0
2	94.0
2	1.0
2	46.0
2	240.0
2	306.0
2	7.0
2	85.0
2	7.0
2	4.0
2	145.0
2	182.0
2	597.0
2	1.0
2	790.0
2	39.0
2	1869.0
2	24.0
2	1.0
2	0
2	73.0
2	3.0
2	0
2	3.0
2	9.0
2	5.0
2	6.0
2	46.0
2	1419.0
2	3.0
2	0
2	3.0
2	338.0
2	56.0
2	43.0
2	502.0
2	154.0
2	2.0
2	47.0
2	7.0
2	8.0
2	22.0
2	3.0
2	3.0
2	0
2	306.0
2	2568.0
2	215.0
2	0
2	35.0
2	92.0
2	128.0
2	39.0
2	98.0
2	347.0
2	11.0
2	52.0
2	371.0
2	2.0
2	145.0
2	1754.0
2	2.0
2	17.0
2	85.0
2	134.0
2	545.0
2	191.0
2	896.0
2	210.0
2	2.0
2	13.0
2	44.0
2	0
2	1.0
2	1.0
2	6.0
2	26.0
2	1.0
2	5.0
2	93.0
2	48.0
2	2.0
2	2.0
2	153.0
2	58.0
2	101.0
2	51.0
2	388.0
2	182.0
2	70.0
2	438.0
2	26.0
2	19.0
2	66.0
2	60.0
2	334.0
2	36.0
2	114.0
2	62.0
2	1143.0
2	118.0
2	6.0
2	3.0
2	2.0
2	0
2	14.0
2	0
2	20.0
2	4.0
2	1.0
2	130.0
2	2.0
2	30.0
2	1.0
2	64.0
2	1.0
2	5.0
2	202.0
2	9.0
2	4.0
2	0
2	8.0
2	403.0
2	26.0
2	274.0
2	206.0
2	46.0
2	41.0
2	360.0
2	1.0
2	5.0
2	172.0
2	2447.0
2	234.0
2	104.0
2	230.0
2	13.0
2	44.0
2	3.0
2	8.0
2	711.0
2	54.0
2	132.0
2	63.0
2	6.0
2	28.0
2	2.0
2	2.0
2	575.0
2	8.0
2	49.0
2	0
2	0
2	2.0
2	2.0
2	4.0
2	44.0
2	361.0
2	62.0
2	31.0
2	0
2	3.0
2	14.0
2	46.0
2	0
2	1.0
2	58.0
2	130.0
2	1461.0
2	24.0
2	14.0
2	66.0
2	24.0
2	2.0
2	18.0
2	44.0
2	493.0
2	40.0
2	8.0
2	128.0
2	9.0
2	44.0
2	6735.0
2	3.0
2	250.0
2	10.0
2	0
2	156.0
2	110.0
2	145.0
2	196.0
2	58.0
2	289.0
2	1.0
2	12.0
2	5.0
2	35.0
2	785.0
2	210.0
2	61.0
2	864.0
2	624.0
2	577.0
2	25.0
2	129.0
2	36.0
2	825.0
2	7.0
2	2.0
2	66.0
2	14.0
2	173.0
2	177.0
2	2.0
2	9.0
2	90.0
2	1739.0
2	384.0
2	211.0
2	188.0
2	203.0
2	34.0
2	183.0
2	2.0
2	396.0
2	1435.0
2	203.0
2	50.0
2	101.0
2	72.0
2	37.0
2	5.0
2	0
2	101.0
2	104.0
2	91.0
2	37.0
2	902.0
2	124.0
2	8.0
2	1.0
2	15.0
2	37.0
2	455.0
2	132.0
2	93.0
2	6.0
2	380.0
2	0
2	17.0
2	50.0
2	75.0
2	858.0
2	40.0
2	0
2	0
2	77.0
2	240.0
2	29.0
2	179.0
2	3.0
2	1.0
2	52.0
2	141.0
2	123.0
2	3.0
2	14.0
2	9.0
2	13.0
2	9.0
2	24.0
2	215.0
2	61.0
2	3.0
2	5.0
2	6.0
2	102.0
2	411.0
2	1.0
2	1.0
2	20.0
2	107.0
2	223.0
2	711.0
2	3.0
2	13.0
2	76.0
2	45.0
2	156.0
2	139.0
2	80.0
2	107.0
2	26.0
2	13.0
2	5.0
2	99.0
2	166.0
2	259.0
2	20.0
2	110.0
2	0
2	25.0
2	107.0
2	303.0
2	303.0
2	166.0
2	843.0
2	152.0
2	12.0
2	8.0
2	112.0
2	6.0
2	5.0
2	10.0
2	152.0
2	7.0
2	157.0
2	91.0
2	4.0
2	474.0
2	103.0
2	22.0
2	6.0
2	8.0
2	215.0
2	80.0
2	117.0
2	7.0
2	87.0
2	0
2	99.0
2	187.0
2	82.0
2	3.0
2	43.0
2	2.0
2	2.0
2	3.0
2	7700.0
2	2.0
2	230.0
2	3.0
2	27.0
2	112.0
2	32.0
2	1.0
2	0
2	802.0
2	25.0
2	370.0
2	297.0
2	1.0
2	29.0
2	0
2	18.0
2	33.0
2	25.0
2	0
2	4.0
2	40.0
2	4.0
2	3.0
2	9.0
2	41.0
2	0
2	175.0
2	12.0
2	1.0
2	1.0
2	3.0
2	20.0
2	59.0
2	40.0
2	30.0
2	105.0
2	24.0
2	242.0
2	2.0
2	0
2	39.0
2	149.0
2	3.0
2	277.0
2	164.0
2	5.0
2	69.0
2	2.0
2	3.0
2	1.0
2	8.0
2	56.0
2	3.0
2	7.0
2	5.0
2	5.0
2	1.0
2	269.0
2	15.0
2	0
2	1142.0
2	155.0
2	0
2	109.0
2	2.0
2	59.0
2	343.0
2	329.0
2	2.0
2	10.0
2	1.0
2	4.0
2	34.0
2	99.0
2	34.0
2	6.0
2	35.0
2	99.0
2	695.0
2	35.0
2	6.0
2	8.0
2	6.0
2	219.0
2	2.0
2	1.0
2	8.0
2	9.0
2	26.0
2	881.0
2	4.0
2	37.0
2	84.0
2	18.0
2	34.0
2	46.0
2	13.0
2	221.0
2	33.0
2	1.0
2	32.0
2	177.0
2	668.0
2	365.0
2	19.0
2	7.0
2	15.0
2	42.0
2	0
2	147.0
2	4.0
2	24.0
2	10.0
2	49.0
2	103.0
2	125.0
2	185.0
2	4.0
2	20.0
2	118.0
2	300.0
2	286.0
2	8.0
2	13.0
2	10.0
2	44.0
2	17.0
2	9.0
2	303.0
2	205.0
2	43.0
2	9.0
2	326.0
2	9.0
2	2.0
2	84.0
2	80.0
2	10.0
2	7.0
2	1.0
2	1.0
2	129.0
2	27.0
2	11.0
2	71.0
2	101.0
2	19.0
2	536.0
2	86.0
2	1864.0
2	3.0
2	1.0
2	63.0
2	61.0
2	19.0
2	31.0
2	230.0
2	89.0
2	194.0
2	47.0
2	0
2	28.0
2	34.0
2	197.0
2	109.0
2	98.0
2	271.0
2	0
2	1.0
2	50.0
2	17.0
2	5.0
2	0
2	2.0
2	10.0
2	368.0
2	367.0
2	36.0
2	0
2	3.0
2	408.0
2	2.0
2	81.0
2	19.0
2	17.0
2	44.0
2	12.0
2	26.0
2	1.0
2	97.0
2	43.0
2	162.0
2	44.0
2	32.0
2	34.0
2	171.0
2	19.0
2	48.0
2	626.0
2	72.0
2	12.0
2	171.0
2	5.0
2	1.0
2	70.0
2	520.0
2	10.0
2	12.0
2	13.0
2	481.0
2	2527.0
2	49.0
2	34.0
2	3.0
2	186.0
2	4.0
2	10.0
2	4.0
2	41.0
2	2.0
2	493.0
2	493.0
2	2.0
2	5.0
2	41.0
2	5.0
2	1.0
2	100.0
2	1.0
2	144.0
2	228.0
2	74.0
2	9.0
2	2548.0
2	49.0
2	481.0
2	15.0
2	1.0
2	2.0
2	34.0
2	7.0
2	4.0
2	3.0
2	6.0
2	2.0
2	6.0
2	8.0
2	3.0
2	31.0
2	11.0
2	8.0
2	2.0
2	2.0
2	9.0
2	40.0
2	63.0
2	188.0
2	133.0
2	14.0
2	6.0
2	206.0
2	14.0
2	124.0
2	129.0
2	390.0
2	223.0
2	399.0
2	18.0
2	7.0
2	346.0
2	18.0
2	0
2	56.0
2	0
2	7.0
2	0
2	354.0
2	18.0
2	18.0
2	0
2	24.0
2	83.0
2	297.0
2	6.0
2	8.0
2	43.0
2	0
2	19.0
2	72.0
2	75.0
2	44.0
2	38.0
2	0
2	381.0
2	2.0
2	18.0
2	18.0
2	4.0
2	309.0
2	7.0
2	2.0
2	1.0
2	215.0
2	1.0
2	7.0
2	6.0
2	8.0
2	97.0
2	0
2	4.0
2	62.0
2	330.0
2	34.0
2	209.0
2	1.0
2	29.0
2	3.0
2	111.0
2	4.0
2	1.0
2	24.0
2	21.0
2	529.0
2	2.0
2	19.0
2	14.0
2	115.0
2	162.0
2	57.0
2	15.0
2	21.0
2	34.0
2	110.0
2	1.0
2	10.0
2	39.0
2	2.0
2	0
2	11.0
2	230.0
2	194.0
2	243.0
2	17.0
2	4.0
2	4.0
2	58.0
2	45.0
2	0
2	3.0
2	48.0
2	5.0
2	18.0
2	12.0
2	23.0
2	6.0
2	407.0
2	13.0
2	33.0
2	103.0
2	50.0
2	220.0
2	9.0
2	1.0
2	212.0
2	66.0
2	36.0
2	208.0
2	5.0
2	363.0
2	0
2	22.0
2	6.0
2	2.0
2	226.0
2	2.0
2	40.0
2	25.0
2	58.0
2	235.0
2	0
2	38.0
2	61.0
2	70.0
2	99.0
2	1.0
2	1.0
2	1.0
2	34.0
2	72.0
2	2.0
2	13.0
2	35.0
2	4.0
2	35.0
2	74.0
2	34.0
2	35.0
2	3.0
2	27.0
2	253.0
2	14.0
2	2.0
2	111.0
2	24.0
2	50.0
2	43.0
2	1.0
2	91.0
2	3.0
2	14.0
2	3.0
2	12.0
2	0
2	89.0
2	2.0
2	18.0
2	54.0
2	105.0
2	270.0
2	147.0
2	352.0
2	29.0
2	309.0
2	111.0
2	475.0
2	104.0
2	78.0
2	207.0
2	3.0
2	3.0
2	15.0
2	159.0
2	106.0
2	111.0
2	82.0
2	20.0
2	2.0
2	4.0
2	18.0
2	66.0
2	774.0
2	880.0
2	41.0
2	68.0
2	94.0
2	22.0
2	15.0
2	77.0
2	327.0
2	1.0
2	3.0
2	2.0
2	48.0
2	141.0
2	9.0
2	6.0
2	43.0
2	13.0
2	89.0
2	5.0
2	402.0
2	1.0
2	129.0
2	44.0
2	250.0
2	0
2	107.0
2	11.0
2	1.0
2	272.0
2	252.0
2	73.0
2	4.0
2	3040.0
2	85.0
2	121.0
2	5.0
2	13.0
2	16.0
2	133.0
2	21.0
2	44.0
2	2.0
2	3.0
2	12.0
2	6.0
2	30.0
2	22.0
2	171.0
2	1.0
2	45.0
2	0
2	0
2	912.0
2	210.0
2	29.0
2	3.0
2	9.0
2	5495.0
2	16.0
2	41.0
2	29.0
2	10.0
2	20.0
2	9.0
2	42.0
2	23.0
2	16.0
2	57.0
2	227.0
2	1.0
2	20.0
2	18.0
2	27.0
2	0
2	78.0
2	47.0
2	108.0
2	7.0
2	12.0
2	4.0
2	3.0
2	69.0
2	3.0
2	3.0
2	33.0
2	40.0
2	4.0
2	69.0
2	124.0
2	607.0
2	295.0
2	11.0
2	184.0
2	8.0
2	0
2	1.0
2	115.0
2	39.0
2	29.0
2	15.0
2	0
2	515.0
2	5.0
2	20.0
2	344.0
2	715.0
2	13.0
2	4.0
2	40.0
2	1.0
2	14.0
2	0
2	0
2	0
2	15.0
2	7.0
2	344.0
2	1205.0
2	1157.0
2	121.0
2	2.0
2	61.0
2	15.0
2	635.0
2	101.0
2	5.0
2	1616.0
2	69.0
2	48.0
2	258.0
2	92.0
2	12.0
2	30.0
2	481.0
2	101.0
2	857.0
2	15.0
2	31.0
2	86.0
2	367.0
2	178.0
2	6.0
2	13.0
2	14.0
2	6.0
2	3.0
2	1.0
2	84.0
2	273.0
2	277.0
2	12.0
2	49.0
2	426.0
2	612.0
2	16.0
2	427.0
2	1.0
2	802.0
2	0
2	3.0
2	0
2	25.0
2	48.0
2	3.0
2	22.0
2	32.0
2	0
2	2.0
2	14.0
2	8.0
2	124.0
2	1.0
2	34.0
2	83.0
2	12.0
2	402.0
2	42.0
2	1148.0
2	37.0
2	1389.0
2	16.0
2	15.0
2	25.0
2	3.0
2	86.0
2	12.0
2	2.0
2	34.0
2	0
2	51.0
2	116.0
2	64.0
2	460.0
2	31.0
2	33.0
2	115.0
2	2.0
2	1.0
2	0
2	0
2	872.0
2	31.0
2	366.0
2	80.0
2	37.0
2	73.0
2	9.0
2	24.0
2	2696.0
2	279.0
2	464.0
2	1.0
2	6.0
2	30.0
2	201.0
2	75.0
2	35.0
2	3.0
2	3.0
2	237.0
2	33.0
2	8.0
2	79.0
2	182.0
2	103.0
2	5.0
2	188.0
2	11.0
2	3.0
2	7.0
2	480.0
2	45.0
2	486.0
2	1.0
2	11.0
2	109.0
2	33.0
2	60.0
2	48.0
2	2.0
2	17.0
2	7194.0
2	24.0
2	130.0
2	98.0
2	3.0
2	2.0
2	5.0
2	2.0
2	5.0
2	200.0
2	39.0
2	9.0
2	46.0
2	1.0
2	46.0
2	198.0
2	4873.0
2	17.0
2	44.0
2	11.0
2	13.0
2	4.0
2	41.0
2	111.0
2	4.0
2	17.0
2	2.0
2	38.0
2	0
2	1.0
2	786.0
2	47.0
2	12.0
2	17.0
2	99.0
2	5.0
2	25.0
2	11.0
2	4.0
2	7.0
2	332.0
2	279.0
2	20.0
2	349.0
2	21.0
2	20.0
2	168.0
2	736.0
2	113.0
2	25.0
2	1.0
2	385.0
2	0
2	56.0
2	58.0
2	157.0
2	61.0
2	20.0
2	12.0
2	85.0
2	692.0
2	113.0
2	108.0
2	34.0
2	7.0
2	198.0
2	0
2	0
2	1.0
2	131.0
2	1.0
2	19.0
2	27.0
2	92.0
2	6.0
2	1839.0
2	3.0
2	16.0
2	43.0
2	74.0
2	338.0
2	24.0
2	905.0
2	45.0
2	96.0
2	12788.0
2	0
2	302.0
2	1588.0
2	4.0
2	87.0
2	1.0
2	1.0
2	45.0
2	2.0
2	90.0
2	2.0
2	8.0
2	10.0
2	28.0
2	906.0
2	10.0
2	324.0
2	441.0
2	400.0
2	149.0
2	4.0
2	11.0
2	305.0
2	313.0
2	13.0
2	29.0
2	61.0
2	184.0
2	16.0
2	17.0
2	66.0
2	37.0
2	17.0
2	4.0
2	48.0
2	90.0
2	4.0
2	1.0
2	33.0
2	1.0
2	0
2	0
2	5.0
2	184.0
2	3.0
2	20.0
2	13.0
2	3.0
2	2.0
2	57.0
2	109.0
2	383.0
2	184.0
2	284.0
2	1.0
2	60.0
2	179.0
2	515.0
2	282.0
2	193.0
2	2.0
2	1.0
2	85.0
2	1446.0
2	70.0
2	65.0
2	1.0
2	160.0
2	6.0
2	188.0
2	757.0
2	66.0
2	66.0
2	138.0
2	7.0
2	1.0
2	2.0
2	82.0
2	100.0
2	3.0
2	10.0
2	10.0
2	246.0
2	62.0
2	18.0
2	174.0
2	3.0
2	205.0
2	192.0
2	4.0
2	6.0
2	72.0
2	106.0
2	124.0
2	717.0
2	6.0
2	150.0
2	17.0
2	3.0
2	2.0
2	0
2	5.0
2	5.0
2	48.0
2	84.0
2	1495.0
2	22.0
2	10.0
2	352.0
2	5.0
2	301.0
2	29.0
2	1.0
2	63.0
2	91.0
2	15.0
2	54.0
2	95.0
2	131.0
2	31.0
2	21.0
2	295.0
2	47.0
2	88.0
2	92.0
2	13.0
2	8.0
2	145.0
2	3.0
2	118.0
2	289.0
2	391.0
2	9.0
2	27.0
2	5.0
2	5.0
2	7.0
2	26.0
2	23.0
2	525.0
2	7.0
2	29.0
2	5.0
2	4.0
2	821.0
2	3.0
2	10.0
2	31.0
2	34.0
2	3987.0
2	1506.0
2	70.0
2	179.0
2	2.0
2	353.0
2	3.0
2	54.0
2	0
2	4.0
2	20.0
2	1.0
2	20.0
2	243.0
2	0
2	7.0
2	122.0
2	148.0
2	0
2	3.0
2	8.0
2	27.0
2	89.0
2	3.0
2	158.0
2	3.0
2	50.0
2	202.0
2	96.0
2	173.0
2	193.0
2	1.0
2	2.0
2	1.0
2	3.0
2	17.0
2	31.0
2	39.0
2	6.0
2	2.0
2	5.0
2	328.0
2	9.0
2	103.0
2	1.0
2	1.0
2	3.0
2	44.0
2	2.0
2	0
2	32.0
2	100.0
2	11.0
2	226.0
2	199.0
2	2.0
2	369.0
2	228.0
2	39.0
2	122.0
2	69.0
2	2.0
2	332.0
2	7.0
2	18.0
2	190.0
2	134.0
2	2.0
2	137.0
2	60.0
2	97.0
2	10.0
2	147.0
2	1.0
2	2.0
2	0
2	4.0
2	33.0
2	2.0
2	2.0
2	28.0
2	0
2	9.0
2	66.0
2	1.0
2	9.0
2	7.0
2	301.0
2	0
2	320.0
2	16.0
2	37.0
2	8.0
2	14.0
2	269.0
2	231.0
2	12.0
2	92.0
2	6.0
2	0
2	11.0
2	222.0
2	114.0
2	39.0
2	0
2	8.0
2	78.0
2	7.0
2	63.0
2	68.0
2	0
2	230.0
2	14.0
2	1415.0
2	1225.0
2	732.0
2	24.0
2	17.0
2	266.0
2	215.0
2	139.0
2	217.0
2	171.0
2	16.0
2	128.0
2	146.0
2	13.0
2	1.0
2	25.0
2	9.0
2	14.0
2	2.0
2	6.0
2	6.0
2	3.0
2	27.0
3	5.0
3	93.0
3	17.0
3	1.0
3	9.0
3	3.0
3	5.0
3	6.0
3	45.0
3	264.0
3	18.0
3	0
3	2.0
3	44.0
3	4.0
3	1.0
3	252.0
3	30.0
3	9.0
3	604.0
3	6.0
3	0
3	5.0
3	6.0
3	233.0
3	385.0
3	25.0
3	64.0
3	2.0
3	23.0
3	1.0
3	237.0
3	3.0
3	6.0
3	2.0
3	11.0
3	93.0
3	11.0
3	24.0
3	50.0
3	2.0
3	1.0
3	65.0
3	668.0
3	204.0
3	11.0
3	52.0
3	338.0
3	28.0
3	81.0
3	17.0
3	38.0
3	69.0
3	77.0
3	156.0
3	475.0
3	48.0
3	98.0
3	144.0
3	30.0
3	30.0
3	196.0
3	699.0
3	3.0
3	62.0
3	137.0
3	27.0
3	21.0
3	215.0
3	43.0
3	7.0
3	692.0
3	106.0
3	98.0
3	45.0
3	7.0
3	88.0
3	1.0
3	24.0
3	395.0
3	118.0
3	3.0
3	0
3	31.0
3	70.0
3	0
3	3.0
3	21.0
3	4.0
3	63.0
3	202.0
3	0
3	0
3	36.0
3	73.0
3	6.0
3	30.0
3	3.0
3	37.0
3	94.0
3	115.0
3	5.0
3	293.0
3	142.0
3	128.0
3	1247.0
3	0
3	4425.0
3	181.0
3	81.0
3	0
3	0
3	31.0
3	166.0
3	120.0
3	8.0
3	10.0
3	7.0
3	130.0
3	128.0
3	79.0
3	157.0
3	1.0
3	11.0
3	0
3	32.0
3	8.0
3	105.0
3	0
3	0
3	101.0
3	502.0
3	72.0
3	244.0
3	123.0
3	84.0
3	40.0
3	219.0
3	10.0
3	25.0
3	66.0
3	1.0
3	30.0
3	72.0
3	32.0
3	8.0
3	13.0
3	156.0
3	81.0
3	1.0
3	174.0
3	27.0
3	104.0
3	0
3	2.0
3	202.0
3	85.0
3	156.0
3	45.0
3	4.0
3	16.0
3	129.0
3	36.0
3	1.0
3	4.0
3	0
3	9.0
3	230.0
3	4.0
3	273.0
3	117.0
3	0
3	3.0
3	6.0
3	32.0
3	4.0
3	931.0
3	1.0
3	80.0
3	197.0
3	0
3	1020.0
3	5968.0
3	4.0
3	244.0
3	5.0
3	108.0
3	2.0
3	110.0
3	510.0
3	116.0
3	48.0
3	5.0
3	174.0
3	5.0
3	26.0
3	77.0
3	6.0
3	1.0
3	2.0
3	153.0
3	257.0
3	4.0
3	2.0
3	10.0
3	32.0
3	1.0
3	204.0
3	6.0
3	197.0
3	0
3	9.0
3	55.0
3	85.0
3	1.0
3	3.0
3	52.0
3	257.0
3	331.0
3	128.0
3	129.0
3	25.0
3	5.0
3	670.0
3	303.0
3	4.0
3	314.0
3	696.0
3	379.0
3	32.0
3	37.0
3	77.0
3	153.0
3	268.0
3	1.0
3	2.0
3	26.0
3	38.0
3	30.0
3	50.0
3	163.0
3	53.0
3	261.0
3	164.0
3	11.0
3	65.0
3	49.0
3	378.0
3	77.0
3	39.0
3	12.0
3	165.0
3	83.0
3	125.0
3	1.0
3	14.0
3	18.0
3	9.0
3	11.0
3	21.0
3	20.0
3	175.0
3	17.0
3	171.0
3	157.0
3	28.0
3	224.0
3	17.0
3	19.0
3	31.0
3	60.0
3	13319.0
3	237.0
3	0
3	2.0
3	45.0
3	7.0
3	1016.0
3	6.0
3	41.0
3	2210.0
3	33.0
3	10.0
3	14.0
3	0
3	52.0
3	35.0
3	1.0
3	453.0
3	29.0
3	213.0
3	81.0
3	8.0
3	35.0
3	97.0
3	238.0
3	347.0
3	1.0
3	209.0
3	9.0
3	66.0
3	37.0
3	0
3	3.0
3	2.0
3	79.0
3	62.0
3	17.0
3	42.0
3	84.0
3	4.0
3	52.0
3	71.0
3	129.0
3	51.0
3	12.0
3	14.0
3	1.0
3	30.0
3	5.0
3	0
3	20.0
3	2.0
3	17.0
3	7.0
3	54.0
3	23.0
3	20.0
3	15.0
3	145.0
3	230.0
3	78.0
3	54.0
3	12.0
3	30.0
3	201.0
3	33.0
3	183.0
3	97.0
3	0
3	703.0
3	6.0
3	71.0
3	162.0
3	5.0
3	331.0
3	225.0
3	3.0
3	73.0
3	7.0
3	103.0
3	8.0
3	3.0
3	15.0
3	15.0
3	7.0
3	39.0
3	222.0
3	62.0
3	0
3	6.0
3	104.0
3	4.0
3	1.0
3	3.0
3	6.0
3	2217.0
3	87.0
3	210.0
3	56.0
3	89.0
3	112.0
3	54.0
3	104.0
3	7.0
3	181.0
3	2.0
3	97.0
3	225.0
3	65.0
3	165.0
3	325.0
3	1664.0
3	43.0
3	2.0
3	101.0
3	14.0
3	226.0
3	264.0
3	41.0
3	799.0
3	104.0
3	1.0
3	334.0
3	114.0
3	118.0
3	751.0
3	13.0
3	111.0
3	31.0
3	3.0
3	97.0
3	205.0
3	72.0
3	126.0
3	252.0
3	6.0
3	145.0
3	448.0
3	167.0
3	279.0
3	526.0
3	4.0
3	12.0
3	912.0
3	95.0
3	145.0
3	2.0
3	133.0
3	47.0
3	10.0
3	11.0
3	8.0
3	167.0
3	896.0
3	2362.0
3	44.0
3	118.0
3	342.0
3	2.0
3	134.0
3	177.0
3	131.0
